y_true,y_pred,y_prob,sensitive_features
0,0,0.36066740129794744,0
0,0,0.37444886388893006,0
1,1,0.9432281786350905,0
0,0,0.31452198981520163,0
1,1,0.5257427213635452,0
0,0,0.46874353137252883,0
0,0,0.30918672673965997,0
1,1,0.5225158964173563,0
1,1,0.7280636710933592,1
0,1,0.5615228495820693,1
0,1,0.5948381493536283,1
1,1,0.7440843201189807,0
0,0,0.3056537150277937,0
0,1,0.5697752781633503,0
1,1,0.5551851598367905,0
1,0,0.46218976739283785,1
1,1,0.7507114213915526,0
0,0,0.20065144911761965,1
0,0,0.26892862919928806,0
1,1,0.7311127177593696,0
0,0,0.34662090509420507,0
0,0,0.37033053419438805,1
1,0,0.4287627279585014,0
0,0,0.3653641485017526,1
1,1,0.5776608788746088,0
0,0,0.18749341537542266,1
1,0,0.4847065849666446,0
1,1,0.6490417036503641,0
0,0,0.48886669749415684,0
0,0,0.42341977197195474,0
0,1,0.7312514175274705,1
1,1,0.6875057826252421,0
1,1,0.7097192546050983,1
0,0,0.27223070433949653,1
1,1,0.6248902261560455,0
0,0,0.43143109228342585,0
0,0,0.32427802372632686,0
0,0,0.27430657320514934,1
1,1,0.827232127897092,0
0,0,0.3056537150277937,0
1,1,0.5646913273829932,1
0,0,0.36773229813740377,0
1,1,0.9325862639890686,0
1,0,0.45547402422592215,1
0,1,0.6148761059449324,1
0,1,0.6242999674479501,1
0,0,0.24626240726378684,0
1,1,0.6965406357823957,0
1,1,0.6953317226926357,0
1,1,0.5876682647049044,0
1,1,0.6430182571550155,1
0,0,0.17207582225288975,1
0,0,0.4287627279585014,0
1,1,0.6628024057368956,0
0,0,0.35206643330281395,0
1,0,0.38286360882178144,0
0,0,0.27901413354684435,1
0,0,0.4038619911604881,0
0,0,0.38585407326080345,0
1,1,0.6650124220893692,1
1,1,0.9074377030381042,1
0,0,0.21302675148072567,1
1,0,0.46617548673179854,1
1,0,0.2940784601845689,1
1,0,0.2844873787579761,1
1,1,0.6884634172152829,0
0,0,0.31928144869631453,1
0,0,0.49176358206599524,1
0,0,0.34909046960843765,0
0,0,0.47695647776150285,1
0,0,0.4607228030181551,0
0,0,0.2754404885061285,1
1,0,0.31579604252150456,1
0,0,0.24970566569672908,1
1,1,0.6047170323317052,1
1,0,0.4447801151563551,1
0,1,0.5580315838696003,1
1,0,0.49834811616148217,0
0,0,0.4558077653305997,0
0,1,0.8604330511981623,0
0,0,0.39327290945957233,1
0,0,0.20055062676721877,0
0,0,0.3953573824036486,0
0,0,0.19624931890152736,0
1,0,0.3079689775189434,0
1,1,0.6381008383106007,1
0,1,0.53690218164293,1
0,0,0.33331790832770375,0
0,1,0.5842452093809242,0
1,1,0.5697752781633503,0
0,1,0.5551851598367905,0
0,0,0.46748361304987907,1
1,0,0.4835313744840893,0
0,1,0.5077078290740255,0
1,0,0.47807711462958086,0
1,1,0.8045249362761249,0
1,1,0.7182479292815257,0
0,0,0.3006841364514234,0
1,1,0.8974713381742019,0
0,0,0.4287627279585014,0
0,0,0.4719519765622786,0
0,0,0.3455869670836092,1
0,0,0.22996537872475206,0
1,1,0.6136446381543356,1
0,1,0.5697752781633503,0
0,0,0.17593497027892796,0
0,0,0.31488317017127165,0
1,1,0.8778771780028495,0
0,1,0.606293848744931,0
0,0,0.24966906193816382,0
1,1,0.8310634823713189,0
0,0,0.2844873787579761,1
0,0,0.4024930790404358,0
0,0,0.31263251788726887,0
0,0,0.4754840818310567,0
0,1,0.5982479895725786,1
1,1,0.7685242815993564,0
0,0,0.4639242900932587,0
1,0,0.49834811616148217,0
1,1,0.5920554808919942,0
0,1,0.5719442276328434,0
1,1,0.6509573177141896,0
1,1,0.5238124283361025,0
0,0,0.2754404885061285,1
0,0,0.24475285489545612,1
1,1,0.9506902509339717,0
1,1,0.9978824235213325,0
1,0,0.3872355817082295,1
1,1,0.80784358213483,1
0,0,0.2844476093731988,0
1,0,0.3357413960837743,0
0,0,0.1481912058804763,1
1,1,0.5131677596202975,0
1,0,0.26609019376768117,0
0,0,0.29547855491577724,0
1,1,0.7226758621935299,1
1,1,0.7201961910514982,0
0,0,0.36739026901941285,0
1,0,0.2139722307529965,1
0,1,0.6381008383106007,1
1,1,0.7430285170725094,0
0,0,0.43143109228342585,0
1,1,0.5928336884762083,0
0,1,0.5257427213635452,0
1,0,0.2797233006573369,1
1,0,0.32781219241619713,0
1,1,0.9790510133497079,0
1,1,0.5106048290806481,1
0,0,0.31579604252150456,1
0,0,0.27782821761815113,0
0,0,0.1363083214371808,0
0,0,0.4183859987749516,1
1,1,0.766180361539046,0
1,1,0.6173022473811981,0
1,1,0.6665171941645973,0
1,0,0.27762212164700684,1
0,1,0.5697752781633503,0
0,0,0.3251883223095079,1
1,1,0.5311727967454719,0
1,0,0.23395952560331246,1
0,0,0.2358029218192219,0
0,1,0.5419649777048562,1
1,1,0.6914295704931864,0
1,1,0.6593121869600753,0
0,0,0.25241492186966563,1
1,1,0.5425898161785703,0
0,0,0.2357248427518727,0
0,1,0.6000546568650192,0
1,1,0.5856783328358628,1
0,0,0.39327290945957233,1
0,1,0.6448997672333281,0
0,0,0.44349701263109137,1
0,0,0.2774923253843089,0
0,0,0.18749341537542266,1
1,0,0.416950278217031,0
0,0,0.22631846823634374,1
0,0,0.2062304851974227,1
0,0,0.4700379825694808,0
0,0,0.416950278217031,0
1,1,0.9848273861386544,0
1,0,0.3534141593092343,1
0,1,0.6583580311007562,0
1,0,0.406504220993093,0
0,0,0.43935733656648646,0
1,1,0.757391736662615,1
0,1,0.6856167642540141,0
0,1,0.6321959424154777,0
1,0,0.39821140583358505,0
1,1,0.7751178328970796,0
1,0,0.24860136847319023,0
1,1,0.5285778788791118,0
1,1,0.5839183333184295,1
0,0,0.18865101558889785,0
0,0,0.38203164677628126,0
1,1,0.5707192034144081,1
1,0,0.3782418584786514,0
0,1,0.514252530019204,0
0,1,0.6851338518456571,1
0,0,0.416950278217031,0
0,0,0.31488317017127165,0
1,1,0.8086300617417221,0
0,1,0.6242999674479501,1
1,0,0.46218976739283785,1
0,0,0.39107712534192757,1
1,1,0.5889270648136977,0
1,1,0.5712216742040856,1
0,0,0.20145490785210327,0
1,1,0.710609485356484,0
0,0,0.40786336966679254,0
1,1,0.5697752781633503,0
1,1,0.5019892066338095,1
0,1,0.8011442570285375,0
1,0,0.24860136847319023,0
0,0,0.36066740129794744,0
0,1,0.6624251596844305,0
1,1,0.9247377359217276,0
0,0,0.4661900083428761,1
0,0,0.49350724739208296,0
1,1,0.7233401220458786,0
1,1,0.7183522738870326,0
1,0,0.3644021170880171,0
0,0,0.45547402422592215,1
1,1,0.7756457023220658,0
1,1,0.7126837509043621,0
1,0,0.4026113334701582,0
0,0,0.38600307313054233,1
0,0,0.28400308998360285,0
0,0,0.3853226002877833,0
0,1,0.742566133025255,0
0,0,0.3583055477305978,1
0,0,0.44748909759781014,1
1,0,0.4079105576379997,1
1,1,0.6522488089952391,0
1,0,0.3771543385737433,1
1,0,0.45941727363553614,0
0,1,0.578600298699853,1
1,1,0.8435282602705193,0
0,1,0.768370500438728,1
1,0,0.2832873400250795,0
1,1,0.9480761026865269,0
0,0,0.3681353413810455,0
1,0,0.4262522534771446,1
1,0,0.2079146997044769,0
0,1,0.7826666378433568,1
0,0,0.4052839709518438,1
0,0,0.48990404935168935,1
0,1,0.8531853621987006,0
0,0,0.25984105272519,0
1,1,0.7896714507017355,1
0,0,0.4040318942259629,1
0,0,0.27461277781872717,0
1,1,0.8737403084412526,1
0,0,0.3936259510811922,0
0,0,0.36560672333850613,0
1,1,0.550064946050586,1
0,0,0.2629611373992903,0
1,1,0.6096566557023894,0
1,0,0.350783071573181,0
0,0,0.25241492186966563,1
0,1,0.5792059681654076,1
0,0,0.45547402422592215,1
1,0,0.4740654577622207,0
1,1,0.8627575542733128,1
0,0,0.2898795202695603,0
0,0,0.43935733656648646,0
0,0,0.11127808665786788,0
0,0,0.2843437616366189,0
0,0,0.29547855491577724,0
0,1,0.9041808213886787,1
1,0,0.34474661403761975,0
0,0,0.38585407326080345,0
1,0,0.43856816761734757,0
0,0,0.26576327028176283,0
1,0,0.15029810501018623,1
1,1,0.5117463983893752,0
1,1,0.9384191037387415,0
1,1,0.5064430190845457,1
1,0,0.4447801151563551,1
0,0,0.2940784601845689,1
0,0,0.12357801000489958,1
0,0,0.38843698340017985,0
1,1,0.7490784802931828,0
0,0,0.34217675235014144,0
0,0,0.40775871729587204,0
0,0,0.30431796029073144,1
0,0,0.12245033780909007,1
1,1,0.7195284137276827,1
1,1,0.6875035681406982,0
0,1,0.6279178675954394,0
1,0,0.38585407326080345,0
1,1,0.6217431645743116,1
0,0,0.49708307925403417,1
0,0,0.2789748309668761,0
1,1,0.5225158964173563,0
1,0,0.39753656008487437,1
1,0,0.4523414027539114,1
0,1,0.606293848744931,0
1,1,0.9176507047946497,0
1,1,0.9736578548953446,0
1,1,0.5492943113388851,0
0,0,0.3898401685649208,1
1,1,0.521219061019444,0
0,0,0.2861215147552863,0
0,0,0.44921453204603656,0
0,0,0.28773252732458726,0
1,1,0.7398756822755714,0
1,1,0.521219061019444,0
1,1,0.5832729059709458,0
0,1,0.6850864941313437,1
1,1,0.6551774814846361,0
1,1,0.7266037371470654,0
0,0,0.4801703287165047,1
0,0,0.22339221943699952,0
1,1,0.521219061019444,0
0,0,0.46603354936711694,0
0,0,0.33511346417244375,1
0,0,0.18627607504238824,0
0,0,0.25426220496769797,0
0,0,0.24840949563004622,1
1,0,0.2578357600685069,0
1,1,0.5941921062141996,0
1,1,0.8257439435789904,0
1,0,0.46748361304987907,1
0,1,0.6920010534394233,1
1,0,0.27958114882404356,0
0,1,0.8193637722951544,0
1,0,0.36388268478035757,0
1,1,0.6532110395513091,0
0,0,0.2967088574327788,1
1,1,0.5024078809733442,1
0,0,0.49926300704564247,1
0,0,0.37444886388893006,0
0,0,0.19725069944326884,1
1,1,0.5244321201618232,0
0,0,0.3953573824036486,0
1,1,0.5457989047860675,0
1,1,0.738640415959753,1
0,1,0.5574187253281039,1
1,0,0.21855635606690477,1
1,1,0.6059726166395308,1
1,1,0.5697752781633503,0
0,0,0.28400308998360285,0
0,1,0.8886523732435858,0
1,1,0.6203539250917544,0
0,0,0.24135592264617922,0
0,0,0.4263582352891832,1
1,1,0.8706369415625369,1
0,0,0.35172904502915453,1
1,1,0.8949556996832092,0
1,1,0.5604531493533852,0
0,0,0.2786773608215206,1
0,1,0.6958991572247168,1
0,0,0.3880717597705241,1
1,1,0.5845356380940329,0
0,1,0.5254072126683901,1
0,1,0.7796856934107709,0
1,1,0.7612397530273615,1
1,1,0.5842452093809242,0
1,0,0.3922828154564365,0
1,0,0.416950278217031,0
1,1,0.563133140799968,0
0,1,0.5507023338655443,0
1,1,0.6242999674479501,1
1,1,0.7467617826206019,0
1,0,0.4674349741810536,0
1,0,0.4433418443940883,0
1,1,0.9511876458925957,0
0,1,0.5494075283161174,0
0,1,0.5667743508536113,1
0,0,0.3582606259822429,0
1,1,0.5078841997517318,1
0,1,0.6576450113009745,0
0,0,0.3197565259928343,1
0,0,0.26520259072405117,1
0,0,0.4460300958433579,0
0,0,0.2335819238595953,1
0,0,0.47695647776150285,1
0,0,0.3123147041347163,1
1,0,0.11347110126794877,1
1,0,0.25381051584416137,1
0,0,0.31488317017127165,0
0,0,0.4558077653305997,0
0,1,0.5404992793382819,0
1,0,0.24626240726378684,0
1,0,0.47695647776150285,1
1,1,0.9790299098483521,0
0,1,0.6650124220893692,1
1,1,0.591730454393822,1
1,0,0.4153960079157574,0
1,0,0.44731463626942103,0
0,0,0.35661423616560783,1
0,0,0.25241492186966563,1
1,0,0.4754840818310567,0
1,1,0.8019713388350803,0
0,0,0.18227572293258462,0
1,1,0.7676228659107962,1
1,1,0.5697752781633503,0
0,0,0.49766436493263055,0
1,1,0.8265916902643784,1
1,0,0.27140535263462673,0
0,0,0.3207470141856114,0
1,0,0.3557616458369714,0
0,1,0.5732304450458765,0
0,1,0.5548528441600956,1
1,1,0.842637262617706,1
0,0,0.45787806289942873,0
1,1,0.7467617826206019,0
1,1,0.6516776038216241,1
0,0,0.09348684205680247,0
0,0,0.14218453746668977,1
1,0,0.37700665708402153,0
0,0,0.11836466055942294,0
1,1,0.9121849092069608,0
0,1,0.961059109810055,0
0,0,0.4047103592489744,0
1,0,0.4328796555434298,1
1,0,0.21503400278494528,0
1,0,0.19066887882243577,0
1,0,0.28657995311544016,0
1,1,0.5604531493533852,0
1,0,0.4379565000353695,0
0,0,0.33511346417244375,1
0,1,0.5646913273829932,1
1,1,0.5920554808919942,0
0,1,0.8448541487646896,1
1,1,0.7020732254685341,0
0,0,0.25984105272519,0
1,1,0.763654614210428,1
0,1,0.7115438005880189,0
1,1,0.6448997672333281,0
0,1,0.6036783338454799,0
0,0,0.22313567534326048,1
0,0,0.27327320311812003,1
1,1,0.5890978873247741,1
0,0,0.2933477213809865,1
1,1,0.8496152984890109,0
1,1,0.7611220837419712,0
1,1,0.7226483984930865,0
1,1,0.7116771030982287,0
1,0,0.20859918708707406,1
1,0,0.3018817311317866,0
1,1,0.8630363047824813,0
0,1,0.5078841997517318,1
0,1,0.7363911430581,1
0,0,0.3455869670836092,1
0,1,0.5186587592544843,1
1,0,0.28657995311544016,0
1,1,0.7975617282604907,1
0,0,0.4653926510715633,1
0,0,0.31676734637577525,0
1,0,0.48534174054012524,0
0,0,0.3644021170880171,0
1,1,0.5998195280930833,0
1,0,0.41975677700158637,1
1,1,0.8088194712641686,0
1,1,0.6811483048615257,1
1,1,0.6083019768676415,0
1,1,0.6375134042228052,1
1,0,0.22313567534326048,1
0,0,0.47292652711108835,1
1,1,0.6624251596844305,0
0,0,0.40901441699467894,0
0,1,0.5131677596202975,0
0,1,0.5697752781633503,0
0,0,0.37583257177816537,1
0,1,0.5640804896554761,1
0,1,0.5615228495820693,1
1,1,0.5697752781633503,0
0,1,0.9041797544221072,0
0,1,0.5112200949920844,1
1,1,0.5842452093809242,0
0,0,0.25842734342815926,0
1,0,0.37583257177816537,1
0,0,0.44091869963857855,1
0,0,0.24414236737781578,0
1,0,0.3681353413810455,0
1,1,0.6351079053503731,1
0,1,0.5205762595879534,1
0,1,0.5009467518286395,0
1,1,0.606293848744931,0
1,0,0.48830615118261134,0
1,1,0.5697752781633503,0
0,1,0.521219061019444,0
0,0,0.3917481358966325,0
0,0,0.253493468317854,1
0,0,0.4075061401332397,1
0,0,0.34100784728693023,0
1,1,0.7183522738870326,0
0,1,0.5461636305061045,0
1,1,0.7026112248034031,0
1,1,0.7797972511891712,0
1,1,0.5842452093809242,0
1,0,0.4103902749318311,0
1,0,0.406504220993093,0
0,0,0.33495625392782064,0
1,0,0.46218976739283785,1
0,1,0.9045255441158921,0
1,1,0.722518190687627,0
1,1,0.6279178675954394,0
1,0,0.29547855491577724,0
0,0,0.3720492803573415,1
1,1,0.5998195280930833,0
1,0,0.4259594542594169,0
1,1,0.6064103189497985,0
0,0,0.18013789364391447,0
0,1,0.7296626475387107,0
0,1,0.7504919701505602,0
0,0,0.21203882153486067,0
1,0,0.35196758777138204,0
0,1,0.5810992762288167,0
0,1,0.5719920614226838,1
1,0,0.4915872174012601,0
0,1,0.5257427213635452,0
0,1,0.5979601761942378,0
1,0,0.45131321667047725,0
1,1,0.6881224919689886,1
1,1,0.6325813672964122,1
0,0,0.1145268735941476,1
1,1,0.6381008383106007,1
1,1,0.7909026513181512,0
1,1,0.5625074502066756,0
0,0,0.3950357728622562,1
1,0,0.2906051725565499,0
0,1,0.5890837621413634,1
1,0,0.41567317832477557,0
1,0,0.4937667066783847,0
0,0,0.44349701263109137,1
0,0,0.46748361304987907,1
1,1,0.8404476194881438,0
0,0,0.4901654469187739,0
0,0,0.4182142953568733,0
0,0,0.24436339003703633,1
1,1,0.7313480356876618,1
1,1,0.508220501300011,0
0,1,0.5697752781633503,0
0,1,0.5615228495820693,1
1,1,0.6139636001539127,0
1,1,0.7171949738163136,0
1,1,0.6203539250917544,0
1,0,0.48674829974833667,0
1,0,0.2387274618534117,0
1,0,0.42480925537034475,0
1,1,0.521219061019444,0
1,1,0.6892367890753498,1
1,1,0.6212606436657166,1
1,0,0.3593566422484972,0
1,0,0.11129741058454297,1
0,0,0.192194879283111,1
1,1,0.7338291863337247,1
0,0,0.32280399167029383,1
1,0,0.298853780375859,0
1,1,0.7645260887236615,0
0,0,0.3558064279723169,1
0,1,0.5999888986280645,1
1,1,0.5585455060469857,0
0,1,0.6013394975628651,1
1,0,0.45817529061314455,1
1,0,0.3620296555755218,1
1,0,0.38843698340017985,0
1,1,0.6485090621358268,0
0,0,0.2358029218192219,0
1,1,0.662124203495233,1
1,1,0.7585875629328136,0
0,0,0.32203443656853425,1
0,1,0.5225158964173563,0
0,0,0.415299736384193,1
1,1,0.5002151136132916,0
0,0,0.33740282393026283,0
0,1,0.5279984378402177,1
0,0,0.23070131668837585,1
0,1,0.6192441810639497,0
0,1,0.5712216742040856,1
0,0,0.4774892310151171,1
1,1,0.6570772998142391,0
1,1,0.8961341324663762,0
1,1,0.5462172011665754,0
0,0,0.250233791939164,0
1,1,0.5278417469407461,0
1,0,0.327443269892741,0
0,1,0.6091736023529206,1
1,0,0.4527079051239278,0
0,0,0.13014420928424225,1
0,0,0.3794649010925142,0
1,1,0.5173611243643944,1
1,1,0.9647625218690277,0
1,1,0.5292593536952346,0
1,0,0.4460300958433579,0
0,0,0.21963451929049183,0
0,1,0.5197992099065132,0
0,0,0.3653641485017526,1
1,1,0.6059726166395308,1
1,1,0.7390419069156355,0
0,0,0.33833151853043597,1
1,1,0.7406157893075299,0
0,0,0.2018381143597022,1
0,0,0.12357801000489958,1
0,1,0.5548528441600956,1
1,1,0.5023736243414728,0
0,0,0.4801703287165047,1
1,1,0.5294351595082374,1
1,1,0.8003149702759185,0
0,0,0.36031290453019715,1
0,1,0.8985330826502803,1
0,1,0.6448997672333281,0
1,0,0.3423356070408342,1
0,0,0.3725926766962782,0
0,0,0.3104324872237663,1
0,0,0.22711615530991505,0
0,0,0.48772518342243615,1
0,1,0.5440013961585172,0
0,0,0.4915872174012601,0
0,0,0.4433418443940883,0
0,0,0.46088363373489744,1
0,0,0.08309210855146919,1
0,1,0.5254072126683901,1
1,1,0.7531729188265525,1
1,0,0.40786336966679254,0
0,0,0.379612958769598,1
0,0,0.16385175888386164,1
0,0,0.4789561275616964,0
1,0,0.23647355200357634,1
0,1,0.6200369754626301,1
1,1,0.5712216742040856,1
1,0,0.42762985507839946,1
1,0,0.46874353137252883,0
1,0,0.35211100452157157,1
0,0,0.34479075169853457,1
0,1,0.8354606847618824,1
0,0,0.3583055477305978,1
1,0,0.48211080934771644,0
1,1,0.6260499539094873,1
1,1,0.8833995962955048,1
0,0,0.3870864060163706,0
0,0,0.20230171357594776,0
1,0,0.2933477213809865,1
0,1,0.6339026123200435,1
0,1,0.6063462470108274,0
1,0,0.4545044253127292,0
0,0,0.3936725869650909,1
0,0,0.2595078785394001,0
0,0,0.14416702110830656,1
1,0,0.42357327319680665,1
1,1,0.6936428772948092,0
0,1,0.6139636001539127,0
0,0,0.49350724739208296,0
1,0,0.42102315850457506,1
1,1,0.6368494336433782,0
1,1,0.6503851282590845,1
0,0,0.4153139061636198,1
1,1,0.6236711812445525,0
1,1,0.9484136583641217,0
1,1,0.754185298824579,0
0,0,0.30343981350934934,0
0,0,0.47292652711108835,1
0,0,0.47021376636472484,1
0,1,0.5586667408305165,0
0,0,0.36657010082384855,1
0,1,0.7852840110723559,0
0,1,0.535992146918262,0
0,1,0.6727113105583263,0
1,0,0.29109614228761727,1
1,1,0.6183045881224077,0
1,1,0.6458712921431561,0
1,0,0.4633064416988489,0
1,1,0.638681963455041,0
0,1,0.5662234326464358,1
0,1,0.5746738961744049,1
1,1,0.5633741341600453,0
1,1,0.7015923728618899,1
0,0,0.4754840818310567,0
0,0,0.451468912113001,1
0,0,0.3431291219634945,1
1,0,0.18749341537542266,1
1,0,0.24436339003703633,1
1,1,0.6460890684049445,0
1,0,0.21203882153486067,0
1,1,0.7789035094393664,0
0,0,0.350783071573181,0
1,1,0.5548528441600956,1
1,0,0.455284543461794,0
0,0,0.3460812861125783,1
0,0,0.46872900006396717,0
1,1,0.6448997672333281,0
1,1,0.5131677596202975,0
0,0,0.255476614536208,1
0,1,0.7395214181672553,0
1,0,0.253493468317854,1
1,0,0.4026113334701582,0
0,0,0.413933129968343,1
0,0,0.3133899911282107,0
1,1,0.5254072126683901,1
0,1,0.5566424390376211,1
1,0,0.48226779091293837,1
0,1,0.5818049029263049,1
0,0,0.47292652711108835,1
0,0,0.41307884425817837,1
1,1,0.6032014430423666,0
1,0,0.3000349576514971,0
1,0,0.343462631533713,0
0,0,0.26691672107286485,1
0,0,0.16528889174499276,1
1,1,0.5122945308631244,0
0,1,0.5842452093809242,0
0,1,0.6827924873775028,0
0,1,0.5468754346331277,1
1,1,0.6786381672850929,0
1,1,0.5889270648136977,0
1,1,0.698266195926705,0
0,1,0.5791003478921221,1
0,0,0.3884231214300743,0
0,0,0.1896317391264647,1
1,1,0.6856293419792143,0
1,1,0.5172383479238348,1
0,1,0.6014709770800296,0
0,0,0.40099253325578615,1
1,1,0.5305540258584888,0
0,0,0.4527079051239278,0
0,0,0.3087202263996699,0
1,0,0.4300361430465874,0
0,1,0.7843965132140608,0
0,1,0.6381008383106007,1
1,1,0.6923345261458044,0
0,1,0.5920554808919942,0
1,1,0.7138553547004546,1
0,0,0.30574569052674033,0
0,1,0.5954587571722246,0
0,1,0.670309981494668,0
0,1,0.5025453895389248,1
1,1,0.9003422609001496,0
0,0,0.48902380166907156,1
1,0,0.34232246936913063,1
0,0,0.2721024792528445,0
1,1,0.7709908074452029,0
1,0,0.4639242900932587,0
0,0,0.253493468317854,1
1,1,0.9959945564161098,0
1,1,0.6136446381543356,1
0,0,0.36739026901941285,0
1,1,0.7007028760317839,1
0,0,0.38683826992757847,1
0,0,0.31676734637577525,0
1,0,0.3720356474404558,1
1,1,0.7972116749108916,0
1,1,0.5579922842767236,0
1,0,0.3561652366915794,0
0,0,0.43935733656648646,0
0,0,0.29972436607506087,1
1,1,0.5310648811340691,0
0,0,0.27901413354684435,1
1,0,0.28730068737125947,0
0,0,0.3104324872237663,1
1,0,0.39612365731793625,0
1,1,0.8209807220842429,0
0,1,0.8162869355264754,1
0,0,0.4087615988604129,1
0,1,0.6223672163288962,1
0,0,0.4075061401332397,1
1,1,0.9676118390130123,0
1,1,0.5064087673276971,0
0,1,0.7820522536016622,0
1,1,0.5566424390376211,1
0,1,0.5839183333184295,1
0,0,0.37583257177816537,1
0,0,0.2338468629780609,0
1,1,0.5288762279293855,1
1,0,0.3677777268943398,1
0,0,0.4376846800109478,1
1,1,0.6961006440575516,1
0,0,0.24775240966856,1
0,1,0.689675965857881,1
1,1,0.7784321396596118,0
1,0,0.4619998632116245,0
0,0,0.3618666905855868,0
0,1,0.8029845457909464,1
0,1,0.7699847902566226,0
0,1,0.6462069730815736,0
1,1,0.880456872888493,0
1,1,0.5372844909219925,0
0,0,0.40775871729587204,0
1,1,0.9363509998519384,0
0,0,0.22711615530991505,0
0,0,0.2725354619419869,0
0,0,0.4705489747530932,0
0,1,0.5468754346331277,1
0,0,0.3935225240422987,0
0,0,0.2933072211216082,0
0,1,0.5697752781633503,0
0,1,0.545450850066574,1
0,1,0.6593121869600753,0
1,1,0.5697752781633503,0
0,0,0.38600307313054233,1
0,0,0.2933477213809865,1
1,0,0.20156845095425424,1
0,1,0.5773325711387125,1
1,1,0.5467535886345275,1
1,1,0.6242999674479501,1
0,0,0.37444886388893006,0
0,0,0.16753060556225322,1
0,0,0.24243841964292392,1
0,0,0.2387274618534117,0
1,1,0.5548528441600956,1
1,0,0.366847163166153,0
1,1,0.5548528441600956,1
1,1,0.6154642879728085,1
1,0,0.45676333714973555,1
1,1,0.5697752781633503,0
1,1,0.9027567778350054,0
0,0,0.31263251788726887,0
0,0,0.43143109228342585,0
0,1,0.6106663916077736,0
0,1,0.5519879527960637,0
1,1,0.6593121869600753,0
0,1,0.5321463981784362,1
1,1,0.6596418412254432,0
1,0,0.35172904502915453,1
0,1,0.5566424390376211,1
1,1,0.6668433996122656,0
0,1,0.6850864941313437,1
1,1,0.5573705231883006,0
0,0,0.33379949850832175,0
0,0,0.4269748275198205,1
1,0,0.3644021170880171,0
0,0,0.37827408496050213,1
1,0,0.3292099208094036,1
1,0,0.38585407326080345,0
1,0,0.4719519765622786,0
1,1,0.8403903639543038,0
1,0,0.3782418584786514,0
1,1,0.629883031209625,0
1,1,0.8541540122278204,0
0,0,0.44921453204603656,0
0,0,0.26724454701000583,1
1,0,0.439848280972797,0
0,0,0.2876437254965183,0
0,0,0.4767658849052321,0
0,1,0.8846241172795477,0
0,1,0.5001602339252029,0
0,0,0.32427802372632686,0
0,0,0.25163237402630184,0
1,0,0.4283861476823534,1
0,0,0.39118032422172827,1
1,0,0.2522962990873594,0
0,0,0.24730904116588895,0
0,1,0.5404992793382819,0
1,0,0.40014671994748147,1
0,0,0.23070131668837585,1
1,1,0.7431587461420045,1
1,1,0.6725016122596489,0
0,1,0.5001602339252029,0
0,1,0.5551851598367905,0
0,0,0.29666808794397503,0
1,1,0.6455132442949021,1
1,1,0.7105974852077724,0
1,1,0.5063941813745697,0
0,1,0.6102942262612223,1
0,1,0.521219061019444,0
1,0,0.49317091829687976,1
1,1,0.56815637832507,1
1,1,0.6638406051014941,1
0,0,0.16753060556225322,1
0,0,0.44349701263109137,1
0,0,0.34711170859565976,0
0,1,0.5585455060469857,0
1,1,0.5812568358175031,1
0,1,0.578600298699853,1
1,1,0.5842452093809242,0
0,1,0.5025453895389248,1
1,1,0.5608688081900431,0
0,0,0.22773507935109868,0
0,0,0.406504220993093,0
0,0,0.3707211421942371,1
1,0,0.22521091979915026,0
1,1,0.7290643787842374,0
1,1,0.5697752781633503,0
0,0,0.406504220993093,0
0,0,0.3728726204191729,1
0,1,0.5745014083876501,0
0,1,0.7691674463146848,0
1,0,0.2376917368437296,0
1,1,0.5404992793382819,0
0,0,0.24734541298244694,1
0,0,0.29972436607506087,1
0,0,0.32203443656853425,1
1,1,0.5732304450458765,0
0,0,0.46746908643098833,1
1,0,0.37566705218022567,0
1,1,0.5372844909219925,0
0,0,0.26691672107286485,1
1,1,0.9854727811377293,0
1,0,0.4786970915992931,0
1,1,0.6637438954801959,1
0,0,0.2832873400250795,0
1,1,0.5199073743548595,0
1,1,0.5457989047860675,0
0,0,0.298853780375859,0
1,1,0.7685242815993564,0
0,0,0.3936725869650909,1
0,0,0.1553442049769016,0
1,1,0.7894725135490123,0
0,1,0.5422086933842412,0
1,1,0.587549115002973,0
1,1,0.7010360239612331,0
0,0,0.27327320311812003,1
0,1,0.6650124220893692,1
0,0,0.3207470141856114,0
0,0,0.4782531917673164,1
1,0,0.31488317017127165,0
0,0,0.40961512206240286,0
1,1,0.6507196152510546,1
0,1,0.5049867079749123,0
0,1,0.6108927746513048,0
0,1,0.8951648882713225,0
1,1,0.5310648811340691,0
0,0,0.4607228030181551,0
1,0,0.3429700910802204,0
0,0,0.18315721438493834,1
1,0,0.40961512206240286,0
0,1,0.563133140799968,0
0,1,0.5036874850649035,0
1,1,0.7957076262114611,1
1,1,0.6620141949538744,1
0,0,0.44081187974370983,1
1,0,0.47150867418153597,1
0,1,0.6059726166395308,1
1,0,0.3806894770266254,0
1,1,0.7988155515302542,0
1,0,0.47292652711108835,1
0,0,0.44921453204603656,0
1,1,0.5398676595096106,0
0,0,0.32874456166586846,1
1,0,0.13014420928424225,1
0,1,0.5166439351432568,0
0,0,0.1898591770158775,0
0,0,0.2492599599577572,0
0,1,0.5468754346331277,1
1,1,0.5559809538428744,0
0,0,0.4182142953568733,0
0,1,0.5842452093809242,0
0,0,0.34479075169853457,1
0,1,0.716684109451796,1
1,1,0.5455727552033827,1
1,1,0.7685242815993564,0
0,0,0.36388268478035757,0
0,0,0.4368179110110431,1
0,0,0.35395902301207727,0
1,1,0.9167798151098558,0
0,0,0.23643827666781797,0
0,1,0.5697752781633503,0
1,1,0.5092914402149216,1
1,0,0.34243317693996145,1
0,1,0.5551851598367905,0
1,1,0.8118658458118931,0
1,0,0.4422002700347714,1
0,1,0.7060956908935334,0
0,0,0.21302675148072567,1
1,1,0.5230276350856585,0
1,1,0.7844063816931579,0
0,0,0.32681038369640086,1
0,0,0.14041258152059166,0
0,0,0.4607228030181551,0
0,0,0.33152235521083734,1
0,0,0.4915872174012601,0
0,1,0.726000809819245,1
1,0,0.4705489747530932,0
0,0,0.4183859987749516,1
0,0,0.42215143787568676,0
0,1,0.5745014083876501,0
0,0,0.13960165666769764,1
0,0,0.2609779362422655,1
1,1,0.5551851598367905,0
1,1,0.8097351337241261,0
1,1,0.5551851598367905,0
0,1,0.66069214336759,0
1,1,0.535992146918262,0
0,0,0.42762985507839946,1
0,0,0.29666808794397503,0
0,1,0.6727113105583263,0
0,1,0.6487351428066014,1
0,0,0.4125542304893879,0
0,0,0.13700475800944842,1
0,1,0.7844063816931579,0
0,1,0.8594155280356842,1
1,1,0.5866984231185463,0
0,1,0.6535434951614509,0
0,0,0.48534174054012524,0
1,1,0.5792059681654076,1
1,0,0.4540103811466664,0
1,1,0.5573705231883006,0
1,1,0.5856783328358628,1
1,1,0.5678768988056886,0
1,0,0.4289167252450891,1
1,0,0.44921453204603656,0
0,1,0.5257427213635452,0
1,1,0.7928400507663513,0
0,0,0.2876437254965183,0
1,1,0.6141308354382795,1
1,1,0.5478664426528262,0
0,1,0.5776608788746088,0
0,1,0.6979421183450158,1
1,0,0.37649359820374384,0
0,0,0.412907772611257,0
0,0,0.4282133618323766,0
0,1,0.5551851598367905,0
0,0,0.4319200031589603,0
1,1,0.7578344598433794,1
0,0,0.34909046960843765,0
1,1,0.6141308354382795,1
0,1,0.839586397202333,1
0,0,0.4380631700520619,0
1,1,0.6650124220893692,1
0,0,0.2577528461608128,0
0,0,0.16526193680825263,0
0,0,0.22711615530991505,0
0,0,0.23171584032074524,1
0,0,0.4247949969979859,0
0,0,0.3898401685649208,1
1,1,0.7348961356908513,1
1,0,0.45547402422592215,1
1,1,0.6200369754626301,1
0,0,0.43146470574262563,1
0,0,0.2843437616366189,0
0,0,0.2557581003683122,0
1,0,0.13263105307006723,1
0,0,0.2503662078971255,1
0,1,0.5697752781633503,0
0,0,0.22711615530991505,0
1,0,0.38585407326080345,0
0,0,0.3732186138530668,0
0,0,0.3185163414380103,1
1,1,0.7017794916613805,1
1,1,0.6811483048615257,1
1,1,0.9094036093769214,0
1,1,0.7324690229247323,1
0,1,0.5221322377268733,1
1,1,0.5700154051818234,0
1,0,0.4700379825694808,0
1,1,0.9882583450802458,0
0,0,0.4075061401332397,1
0,0,0.3782418584786514,0
0,0,0.192194879283111,1
0,1,0.8714621223492144,0
1,1,0.6950000674554202,1
0,1,0.6262728662942283,1
1,1,0.7140498330033975,1
1,1,0.7454909847916918,0
0,0,0.22711615530991505,0
0,1,0.563133140799968,0
1,0,0.4786970915992931,0
0,1,0.6583580311007562,0
1,1,0.7853417404289279,1
0,0,0.33870653052885047,1
0,0,0.3885907632178652,1
1,0,0.4670667241082043,1
0,0,0.36560672333850613,0
1,1,0.5862890594892097,0
1,1,0.5618397527673197,0
