y_true,y_pred,y_prob,sensitive_features
1,0,0.48741719892973756,0
0,0,0.476559824523306,1
1,1,0.776133678980778,1
1,1,0.6547712044208753,1
1,1,0.5775174971723781,1
1,1,0.6780708438906017,1
0,0,0.46021162217756084,1
0,1,0.5110221169986651,0
1,1,0.5224404334957997,1
1,1,0.5317789591778365,1
0,0,0.31277857156208067,0
1,1,0.6040277650894237,1
0,1,0.6049757626245906,1
1,0,0.4987331261537164,1
0,0,0.23102550355181892,1
0,0,0.326210058257796,1
0,1,0.6487533326745428,1
0,0,0.3405614371973469,0
0,0,0.424612603849774,1
1,0,0.47322330324463646,1
0,1,0.8326842425531228,1
1,0,0.47336718432507974,1
1,1,0.5114336913838726,1
1,0,0.4557853843693259,1
1,0,0.3954433702491863,1
1,1,0.7106539515906333,1
1,1,0.5302818743424196,0
1,1,0.7346412173161263,1
1,0,0.34107089777726946,1
1,1,0.5346538470413307,0
1,0,0.43581385784854526,0
1,0,0.4367734554977514,0
1,1,0.5306188780870851,1
1,0,0.4759058130842163,1
1,0,0.40577763063028244,1
1,1,0.6494858966216804,1
1,0,0.4301746427345269,1
0,1,0.5042799253046601,1
0,1,0.6463830406975043,1
1,0,0.4371498594362482,0
1,0,0.3762127025100882,1
0,1,0.5708530387962071,0
0,0,0.28291141873066317,1
1,1,0.7453172620824734,1
1,1,0.5237576192609852,0
1,1,0.7072769258534942,1
0,1,0.6503109724047529,1
1,0,0.2966623985991228,1
1,1,0.6827113295989738,1
0,0,0.42992810932360226,1
0,0,0.30626226295455994,1
1,0,0.46817413510646166,1
0,0,0.39627621441325006,0
1,1,0.5581103432418892,1
1,0,0.3216473707304103,1
1,1,0.541702980227288,1
0,0,0.46749482800192815,1
1,1,0.5912618514450132,1
0,0,0.42096458202797404,1
1,0,0.4630153533740309,0
0,0,0.4632115866355779,0
0,0,0.40479037364499276,1
0,1,0.8263647949806203,1
0,0,0.4137106377980373,1
1,1,0.9332658127797273,1
0,1,0.5915444482058998,0
1,0,0.44318579983556317,1
0,0,0.484104039348865,1
1,1,0.5437678986067476,1
0,0,0.3550114393289506,1
1,0,0.44098609609588163,0
1,0,0.35259552854343523,0
0,0,0.40224878251525553,1
0,0,0.20907509336562818,1
0,1,0.7470822493386815,1
1,0,0.2998748179363188,0
0,0,0.4350484434900954,1
0,0,0.4116306861034896,0
0,0,0.44650043162286196,1
0,0,0.30861465720235604,0
0,0,0.3878324156973126,1
1,1,0.630251505349916,1
1,0,0.44438554569577154,1
0,0,0.44440575870278637,1
0,0,0.4380526018687511,1
0,0,0.46089901938737826,1
1,0,0.3026284795108053,1
1,0,0.2243699560264385,1
0,0,0.35627416852556826,0
0,0,0.4429183185679367,1
1,1,0.8426422012069021,1
1,1,0.5550684178641448,1
1,1,0.9323232439192721,1
0,0,0.4683797018825996,1
1,1,0.6770753044407647,1
0,0,0.44322601535076006,1
0,1,0.5068135751066106,1
0,0,0.48154525482927063,0
0,1,0.5159910467880617,0
0,0,0.43760465265185294,1
0,1,0.5098645836909323,1
0,0,0.41023930744617737,0
0,0,0.4339889931766457,1
0,0,0.3607814092837908,1
1,0,0.3433146029023714,1
1,0,0.4777567042347506,1
1,0,0.39028164607053584,0
1,1,0.6124548332380764,1
1,0,0.4305237400308961,0
1,0,0.47609605838955255,1
0,0,0.2669392440133067,1
0,0,0.37794977561666243,0
0,1,0.501589008168874,1
0,0,0.43936706616985505,1
0,0,0.35518877541921307,0
1,1,0.5277986274378265,1
0,0,0.32147813178764645,1
1,1,0.6059990019431263,1
0,1,0.7009368451970647,1
0,0,0.4580029683266874,1
0,0,0.37838914844545574,1
0,0,0.2970075994837214,1
1,1,0.5481269860667058,1
0,0,0.4626077440862959,1
0,1,0.8989602148157275,1
1,1,0.7038770909774537,0
1,0,0.4297738650579844,1
0,0,0.2584925627220157,0
1,1,0.5261825925665436,1
0,0,0.4980232624670005,1
1,1,0.8860729273590771,1
1,1,0.5407961759377495,1
0,0,0.35281391623969577,1
1,0,0.3853819830539362,1
1,0,0.43781455417105286,1
1,0,0.42994776867573997,1
0,0,0.40290218685583956,1
0,0,0.19124075596320297,1
1,1,0.6509705423331323,1
1,1,0.5175935895785289,0
1,1,0.6799651369148145,1
0,1,0.5194843966438517,1
1,1,0.5887941453477925,1
0,1,0.5433398863397019,0
0,0,0.40050965974778896,1
1,1,0.5167284424239849,1
0,0,0.4398301615010281,0
0,0,0.4496905844434042,1
0,0,0.37558536219372995,1
1,0,0.47441114825838043,1
0,0,0.40311553697233987,1
0,1,0.6951913130441686,1
0,0,0.3398072564354179,1
1,1,0.5755198049113576,0
0,1,0.505123121397859,1
1,1,0.8298603005994806,1
1,1,0.7089288575118791,1
1,0,0.47610814921678923,1
1,1,0.5056511037048919,1
0,0,0.389368358335541,1
0,1,0.5282239234136192,0
1,1,0.9096126884896906,1
1,1,0.5504869750057133,0
1,1,0.6482762661004607,1
0,1,0.5339668568953466,1
1,0,0.39221849153371996,1
0,0,0.4080273822143021,1
0,1,0.6123736385897616,1
0,0,0.4269950914277512,1
1,1,0.6024261156193048,1
0,0,0.317545831272758,0
1,1,0.6269106485401543,1
1,0,0.40044375189938064,1
0,0,0.3695172381312567,1
0,1,0.646286128467341,1
0,1,0.5729020636684009,1
0,0,0.3452214677770649,1
1,0,0.31447303323122694,1
0,0,0.4336322945187088,1
1,0,0.48358215595689646,1
0,1,0.5738910971009825,1
0,1,0.6242310748225517,1
1,0,0.4971665559083733,0
0,0,0.3814491543911758,1
0,0,0.4191792305691263,1
1,1,0.7265581990755905,1
0,0,0.42118336012454805,1
0,0,0.4619341426413394,1
0,0,0.2829284312348503,1
0,0,0.42419290661993514,0
1,1,0.6526765559322208,1
1,1,0.5156710613293981,0
0,0,0.42269876649925064,0
0,0,0.43964341739537754,1
0,0,0.08411545558125715,0
1,1,0.5382095664364704,1
1,1,0.597538581559062,1
0,1,0.5146111604954938,1
1,1,0.6228166136462435,1
1,0,0.4402070714095254,1
0,0,0.40044994609755974,0
0,0,0.27200105559160204,1
1,1,0.7184862137394822,1
0,0,0.4890333652138547,1
0,0,0.28156301456779054,1
1,1,0.5377484716725132,1
1,1,0.5785280921209114,1
1,1,0.6413338447579491,1
0,1,0.5558619840937624,0
1,0,0.499338895354029,1
1,1,0.557240098989105,1
1,1,0.5185638966561361,1
0,0,0.48972863891603713,1
0,1,0.5361036616223825,1
0,0,0.2551846836798585,1
0,0,0.41076542606282457,0
0,0,0.3732125114754566,1
1,1,0.6231303464928953,1
1,0,0.37643159138704096,1
0,0,0.182303614585412,1
0,0,0.4535928678881515,0
0,1,0.6288223222982967,1
0,1,0.704584372415394,1
1,0,0.30759896299719913,1
0,0,0.304980492192825,1
1,0,0.3208632319446741,1
0,0,0.07563257678269814,1
0,0,0.46916070469586396,0
1,1,0.60560773445807,1
0,0,0.4126637358378355,1
1,0,0.4469280556347366,1
1,0,0.3962932123743265,0
0,1,0.5688480893612083,1
1,1,0.5295589991240769,1
1,0,0.31142921130084505,0
1,1,0.697612720748617,1
0,1,0.6665783403110698,1
0,0,0.39075008936937633,1
0,0,0.2598283197606736,1
0,1,0.7626683308023311,1
0,1,0.5058791707045157,1
1,0,0.3678674213545885,0
1,0,0.3526869779510473,1
0,0,0.41390530594921937,1
0,0,0.3971411855649552,0
0,0,0.38263663705915246,0
0,0,0.41151863040079284,1
0,0,0.3262908966225167,0
1,0,0.38914857989113616,1
1,0,0.490750576644179,0
0,0,0.4956540232338997,0
1,1,0.5187646759251298,1
0,0,0.39648090093846117,1
1,0,0.3975229593619083,1
1,0,0.4563580531779209,1
0,1,0.5304383854675001,1
0,0,0.49432058394640105,1
0,0,0.4251773931028416,1
0,1,0.8377013893665457,1
1,0,0.35809417475831173,1
1,1,0.7043103377041017,1
1,0,0.432803376406376,1
1,1,0.604041873401271,1
1,1,0.7386079036330067,1
1,0,0.44924229465860893,1
0,1,0.5095325272669269,1
0,0,0.3178396499635251,1
1,0,0.4982078072667561,1
0,0,0.46194242619886544,0
0,0,0.4416953529397551,1
1,0,0.33429893839813724,0
0,0,0.37252730952390456,1
0,0,0.31754426016134146,1
1,1,0.6324302861080945,1
0,0,0.2476677242158891,1
1,0,0.45614307502513285,1
0,0,0.3629658198987801,1
1,1,0.721928792650146,1
0,0,0.3702621516704285,0
0,0,0.32866025193286463,1
1,1,0.6135133411134256,1
1,1,0.6911010737128727,1
0,1,0.5271531427237494,1
0,0,0.4911278545249438,0
0,0,0.4188875686108283,1
0,0,0.4076765722030558,0
0,0,0.1383495160693704,1
1,0,0.25237619233121233,1
1,1,0.6945698943181368,1
0,0,0.2628760624625562,1
0,0,0.4070802363629244,1
1,1,0.5224979407761832,1
0,1,0.5516722223009588,1
1,1,0.6720689258716178,1
0,0,0.3532975594909431,1
1,0,0.3278089425074707,1
0,0,0.4710294433473838,0
0,0,0.36239437249513107,1
1,1,0.5745348078881728,0
1,0,0.349637417104352,1
0,0,0.4621967696179688,1
0,0,0.4561453089975047,0
0,1,0.5022741252050829,1
0,0,0.4366155503207415,1
0,0,0.3322309723671691,1
1,1,0.6415596390985614,1
0,1,0.7186654805302445,1
0,0,0.46318031035587925,1
1,0,0.36473538624021457,1
0,1,0.5044955597813154,1
1,0,0.4989024301124032,1
1,1,0.5626065212354538,1
1,1,0.542275952963379,1
1,1,0.7018797655494255,1
1,1,0.6736268838191096,1
1,1,0.6869385623564179,1
1,0,0.4338550707793441,0
0,1,0.6831672147888892,1
0,1,0.5070050932458823,1
1,1,0.5152473837222645,1
1,0,0.3709284750660213,1
1,1,0.5614630947011883,1
0,0,0.37494208708983856,1
0,0,0.3851120667137378,1
1,0,0.37557130353803103,1
1,0,0.38290317805512497,1
1,1,0.6813585820619075,1
0,0,0.45997228287467967,1
0,0,0.20971446818008088,1
1,1,0.5874616573486907,1
0,1,0.6990454550667606,0
0,0,0.3536881788200888,1
0,1,0.6263819519148445,1
1,1,0.5100653564782344,0
1,1,0.527648845359489,1
0,0,0.3798346752630154,1
1,0,0.41101753035070143,0
0,0,0.2451769661548232,0
1,0,0.39406323230494733,1
1,1,0.5972035258671182,1
0,0,0.2973826796427584,1
1,0,0.47694898000850977,0
0,1,0.5311967846110965,1
0,0,0.3621611375075014,1
1,1,0.6068291144271107,1
1,1,0.7096906682740552,1
1,1,0.708026173214222,1
0,0,0.4621602266262131,1
1,1,0.529643766203686,1
1,1,0.5322950080220069,0
1,0,0.30440156652875705,1
0,0,0.3202499293266978,1
1,1,0.7907149066854282,1
1,1,0.7221021300275063,1
1,0,0.38328937313872385,1
1,1,0.5120765053170472,1
1,1,0.5190567839256274,1
1,1,0.6035817843423841,1
1,0,0.2783962899521076,1
0,0,0.43572404825331346,1
0,0,0.29795227616049613,0
1,0,0.321817146759541,1
0,0,0.43884448668369436,1
0,0,0.28944628205276346,1
0,0,0.47900231134924937,0
1,0,0.4250744976737649,1
1,0,0.46677582793635025,1
1,0,0.4150167722141998,1
0,0,0.296518649568509,0
1,0,0.4651380809893992,1
1,0,0.4444907408780752,1
0,0,0.4237947839128304,0
1,1,0.8307841136576,1
1,1,0.727956815904585,1
0,1,0.5328869278162426,1
1,0,0.28396163008333586,1
0,0,0.4079553708300223,1
1,1,0.5350621500864914,1
0,1,0.7471038628913099,1
1,1,0.5341668210696072,1
0,0,0.4256457035197254,1
0,0,0.4831563699377935,1
1,0,0.40598435843722736,1
1,0,0.35077307836066046,1
0,0,0.16997477104311498,0
1,1,0.9072106510286553,1
0,0,0.483006124879859,1
1,0,0.03125444135338028,1
1,0,0.4807171785649419,1
0,0,0.3891502908574976,1
0,0,0.2860418087433689,1
1,1,0.531790986348086,1
1,1,0.6020999740539736,1
0,0,0.3602029883178436,1
1,1,0.5560420019982404,1
0,0,0.404541652192901,1
1,1,0.6167832425338404,1
0,0,0.4595285263493287,1
0,1,0.5165499639437475,1
0,0,0.4295793636056774,0
1,1,0.7014167012380422,1
1,1,0.6349969400457371,1
1,1,0.5801440819249968,0
1,0,0.4394591965515521,0
0,1,0.6875008640544222,1
0,1,0.7163098942110738,1
0,0,0.22062729218997,1
0,0,0.47881154650979263,1
1,0,0.3734945372624405,1
0,0,0.4643195610533337,1
0,0,0.40520974713153285,1
0,0,0.4038427315306705,1
1,0,0.4198803787774489,0
1,1,0.7127078315340805,1
0,0,0.32757843069664694,0
0,1,0.592714995230193,1
0,0,0.3413682307512592,0
0,0,0.12188026362267959,1
1,1,0.6788125490210972,1
1,1,0.6674688832744086,1
0,0,0.4105433733324428,1
1,1,0.5664530387979704,1
0,1,0.6622151271385116,1
1,1,0.5663071639461347,0
0,1,0.5419953074981884,1
0,0,0.47536035612992733,1
0,0,0.3876564801351505,1
1,1,0.5194818711534551,0
1,1,0.704296889218938,1
0,0,0.46595363915235805,1
0,0,0.49517316709650266,1
0,0,0.4252183874640719,1
0,0,0.33238774907777047,1
0,0,0.4180573733506608,1
0,1,0.5333048609514682,1
0,0,0.4441206544144896,1
0,1,0.7393023220438356,1
0,0,0.34727434067627844,0
1,0,0.4717970106028902,1
0,0,0.386657468630162,1
1,1,0.5647073369532941,0
1,0,0.4088130231943426,0
0,0,0.3524569169383655,0
1,0,0.32286479170281673,1
1,1,0.555447487556613,1
1,1,0.5974653909588099,1
1,0,0.4496461197665799,0
1,0,0.41838313562624013,1
0,0,0.4023042358213257,1
1,1,0.6128009892914571,0
1,1,0.5062479768068975,0
1,0,0.36221103187487974,0
0,0,0.3658690691033848,1
1,1,0.5158813721562467,1
1,0,0.39479291052692533,1
0,1,0.513768598626067,1
1,1,0.6266220938376593,1
0,0,0.27345604212018565,1
1,1,0.5139310626289528,0
0,0,0.3218155446212687,1
0,0,0.43407347816350217,1
1,1,0.5701068249456767,1
1,1,0.5588117960633298,1
1,1,0.8180603416297004,1
1,1,0.6515097178981991,1
0,1,0.7552469610816872,1
0,1,0.5632933905617343,1
1,1,0.6639040196912147,1
0,0,0.46830525086593694,1
1,1,0.6995994640510962,1
1,0,0.4918515534906861,1
1,1,0.5394425858709554,0
1,0,0.3391089682587334,1
1,1,0.5602789300321532,0
1,0,0.47839573902044047,1
1,1,0.7520066768334511,1
0,0,0.34486276897653034,0
1,1,0.5136937274012376,1
1,0,0.4154966964608421,1
1,0,0.3249092403971784,1
1,0,0.4193810950529821,1
1,0,0.33305423897838876,0
1,0,0.28710332974088726,1
1,1,0.86713243127069,1
0,1,0.5231690066291155,1
0,1,0.5874310912697368,1
1,1,0.7556952117478515,1
0,0,0.4159636165387797,1
0,0,0.37877557683479623,1
0,1,0.541750714027839,1
0,1,0.5550407798919046,1
1,1,0.5869483728675884,1
1,1,0.541530498004955,1
0,0,0.4142209600917416,0
1,0,0.38234638639811047,1
1,0,0.442194834476115,1
1,0,0.47299272312331575,1
0,0,0.27045388193363135,1
0,0,0.41331247087634354,1
1,1,0.569446349342009,1
0,0,0.4901327586328284,1
1,1,0.717743426025976,1
1,0,0.4121452596875126,1
1,1,0.6510744277129791,1
0,0,0.363909755136608,1
0,1,0.5062510557120785,0
0,1,0.8907155567958355,1
1,0,0.43512693953078263,1
0,0,0.3181184897033391,1
1,0,0.4607250029473157,0
0,1,0.730125895504365,1
0,0,0.49986115007610243,1
1,1,0.6042522215900267,1
1,1,0.6705476296931295,1
0,1,0.5423082973383063,1
1,1,0.5356118405769058,1
0,0,0.4267671578032774,1
0,1,0.5470598881863146,1
1,0,0.38411247625092254,0
1,1,0.6279646518125115,0
1,0,0.3192438750688433,1
1,1,0.6287255444385751,1
0,0,0.2667440135518836,1
1,0,0.43433252013901813,1
0,0,0.28614345107589223,1
0,0,0.3647964261040221,1
0,0,0.3377501723623512,1
1,1,0.6014963351691177,1
0,1,0.5127408081647329,1
0,1,0.5179536976170807,1
0,1,0.5554006188651082,0
0,0,0.23530132391139338,1
1,0,0.41528207906272097,1
0,0,0.41317911231582727,0
0,0,0.40431024959342465,0
1,0,0.30845198290859993,0
0,0,0.22362854348305505,0
0,1,0.5201397517845717,1
0,0,0.04542130379224015,1
1,0,0.4526656493322268,1
0,1,0.5606420429074015,1
1,1,0.8343385198751635,1
0,0,0.28574651677536944,1
0,0,0.3854995852163782,0
1,0,0.4773089317284409,0
0,0,0.4300505562581212,0
0,0,0.14763367065794758,1
1,1,0.7348977687187948,1
0,1,0.5059819242152939,1
0,0,0.4307529200772759,1
0,0,0.4171435315622256,1
0,1,0.5302338084302158,1
0,0,0.4545390752026393,0
0,1,0.530727148250637,1
0,0,0.4123905425541274,1
0,1,0.7699753322669736,1
1,0,0.1811156141560904,0
1,1,0.7022669237243813,1
0,0,0.2567087446304385,1
1,0,0.48683715924567983,0
0,0,0.3814924022552806,1
1,0,0.2493198571608357,0
0,0,0.4324876917285086,1
0,1,0.6374078880578665,0
0,0,0.4770492851015449,1
0,0,0.29208029249777706,1
1,1,0.9124660196911224,1
1,0,0.37516088908368617,1
0,0,0.40650858478151713,0
0,0,0.37764425749034664,1
0,1,0.7041057411541958,1
1,0,0.4526406472862417,1
1,0,0.36950815570988454,0
0,0,0.3392245527964366,1
1,1,0.6639911091845575,1
1,0,0.43825917695972805,1
1,1,0.5330734875566809,1
1,1,0.7101653900387268,1
0,0,0.4775230974141631,1
1,1,0.6435798276842506,1
1,1,0.5753027376648457,0
0,0,0.23431117477388283,1
0,1,0.6868612277174599,1
1,0,0.4844604354793726,0
1,0,0.4918136920637871,0
1,1,0.6770758082603884,1
1,0,0.38832103658540823,1
1,1,0.5702338825817196,0
1,1,0.7407164473883866,1
1,1,0.5445720135991291,1
1,1,0.5170444020815884,0
0,0,0.4586987581256051,0
0,0,0.043695162701583086,1
1,0,0.2553219235026126,0
1,0,0.49500546062782474,1
1,0,0.46304074956987495,0
1,1,0.775844040830763,1
1,0,0.48861464891882034,1
0,0,0.42400590474450267,1
0,0,0.4017834455621499,0
1,1,0.5918885351412891,1
0,0,0.2826254346642251,1
1,0,0.430589041094869,1
0,0,0.3518020623930544,1
1,0,0.48320195572224217,1
0,0,0.4347786794745018,1
0,0,0.4341693226761111,1
0,0,0.3164216386028612,1
1,0,0.4991297667677209,1
0,0,0.44091706222886967,1
1,1,0.6596928223515633,1
1,0,0.3931076347902626,0
1,1,0.5022802519327116,1
0,0,0.2595219357120648,1
0,0,0.48866142351500136,1
1,0,0.3795674126307532,1
1,1,0.620051202696848,1
1,1,0.827845631164839,1
1,1,0.6463292054113677,1
1,1,0.7037128547824295,1
0,1,0.6831517136930577,1
0,0,0.4384968706308385,1
1,0,0.44614930212499426,1
0,0,0.4075410412677971,0
0,0,0.48532749578962014,1
0,0,0.47105511174110687,1
0,0,0.44424006910389313,0
0,1,0.58772518742202,1
0,0,0.43331354800390787,0
0,0,0.39406357679954274,0
0,0,0.4923554388100562,1
1,0,0.3827805766552376,1
0,0,0.17718741463562498,0
1,0,0.3493084392082028,1
1,0,0.4662517129720226,1
0,1,0.5379140437850735,0
0,0,0.34004292240982,1
1,1,0.7391522917807178,1
0,1,0.6509796805902146,1
1,0,0.23462494409118867,1
1,1,0.6472078876978188,0
0,0,0.3036972723691796,1
1,1,0.5700683706675664,1
0,0,0.4920984965778461,1
0,1,0.636125883972117,1
0,0,0.4119522660610492,1
1,1,0.729690812910886,1
1,0,0.4417978857176266,1
1,1,0.5343580498700008,1
1,0,0.32588772826102524,1
1,1,0.6326665485369808,1
1,0,0.3923368303771502,1
1,1,0.8029665574093635,1
0,0,0.3261584641976981,1
1,1,0.6446865627769148,1
0,1,0.780485848167104,1
0,0,0.2545970383967087,1
0,0,0.4186121453630113,0
1,1,0.5445529150056739,0
1,0,0.4516153314537091,1
0,0,0.389642772745625,1
0,1,0.5848440142215974,1
0,0,0.4246541312271787,0
0,1,0.5297048774316914,1
0,0,0.27568716729961756,1
1,0,0.4385557813447971,1
1,1,0.7486843075931072,1
0,0,0.26832650244067224,1
1,1,0.5515145690387441,0
1,1,0.5143508071661107,1
0,0,0.4916746017852724,1
0,1,0.6492260589498545,1
0,0,0.4077466763399287,1
0,0,0.453534002013537,0
1,0,0.40016133449525554,1
0,0,0.38773728124387186,1
0,1,0.5611398823181175,1
0,0,0.32435198967823897,1
0,0,0.41061804274039876,1
1,0,0.37289593935241416,0
1,0,0.39925483723686145,1
0,0,0.3308215677824078,1
0,0,0.393226755982291,1
0,0,0.4855250158329353,1
1,0,0.3917032990000514,1
1,0,0.40562269132646955,1
1,0,0.33498790379363275,1
0,0,0.42176743257362914,1
1,0,0.40889604004961255,0
0,1,0.5972589424355573,1
0,1,0.5449954098797146,0
0,0,0.3770699677548283,1
0,0,0.37006247519341623,1
0,0,0.4450016536343566,0
0,1,0.5705732698776766,1
1,1,0.5010023566839673,1
1,1,0.5956678317143242,1
1,1,0.6769735689245862,1
1,1,0.5656492407855277,1
0,0,0.3770726176344597,1
1,1,0.7538273808185537,1
0,1,0.7230459267117905,1
0,0,0.1611586715224989,1
0,1,0.6335446952719354,1
1,1,0.6834924181052213,1
0,0,0.48604327236008493,1
0,0,0.4653858287708643,0
0,0,0.10003734905959112,0
0,0,0.4000595957020549,0
0,1,0.5760668315613704,0
0,1,0.5063259343621158,1
0,0,0.4944505941115657,0
1,1,0.6350459575137563,0
0,0,0.23978304304791784,0
0,0,0.3720250804774305,1
1,0,0.48900824301494705,0
0,0,0.42190791972258196,1
1,0,0.4910091690485087,1
0,0,0.16864330674151687,1
1,1,0.9429899428078662,1
0,0,0.36215472699577034,1
0,0,0.3460756323937544,1
1,0,0.3530936820521481,1
0,0,0.48014402259176225,1
1,1,0.5103046299219344,1
1,1,0.7026476761064594,1
0,0,0.3895151057610854,1
0,0,0.343649932760135,1
1,1,0.6296147264975516,1
1,0,0.4951778155115132,1
1,0,0.49015433189474755,1
0,0,0.3461139661635034,0
0,1,0.5116290515824041,1
1,0,0.3516338518377307,1
1,0,0.40031191472475897,1
0,0,0.4720135569219588,1
0,0,0.44005708406646155,1
0,0,0.34163564495065984,0
1,0,0.4448257759288364,1
0,0,0.17153704968543607,0
1,1,0.5030910451011292,1
0,1,0.595933723806155,1
1,0,0.4290978987353603,0
1,1,0.6580143654819576,1
1,0,0.35677774248793964,0
0,0,0.4763617247401957,1
0,0,0.41818178144590973,1
1,1,0.7012359053086386,1
0,0,0.42352401263016193,1
0,0,0.37074791368996535,0
0,0,0.34306197353227935,1
0,0,0.3866080048473951,0
1,1,0.5847356645657485,0
0,0,0.16012480478701824,1
1,1,0.633992257320859,1
0,0,0.4397839835324547,0
1,0,0.4458271119055301,1
0,1,0.5186215838490634,1
0,0,0.03373536788581688,1
0,1,0.570083355592366,1
1,0,0.4948628033468139,1
0,1,0.5903828397506851,1
1,1,0.7577910278231409,1
0,0,0.4652560055702631,1
0,1,0.6293266347020176,1
1,0,0.36141606039278174,1
0,1,0.526626543867499,1
1,1,0.5315063319186084,1
0,0,0.4439042881875435,1
0,0,0.49366408443267323,0
1,1,0.52960213779572,1
1,0,0.44900297888589485,1
0,1,0.5241526631054548,0
0,0,0.4615315759149393,1
0,0,0.36976191360328514,1
0,0,0.46232811175841493,0
1,1,0.6731226299456303,1
0,0,0.4227851155260648,0
1,1,0.5745513516379591,1
1,1,0.800709046573819,1
0,0,0.45519006682677177,1
0,0,0.44284618971815864,1
0,0,0.33968639254168126,0
1,1,0.6913602818692031,1
1,1,0.6742886214124103,1
1,0,0.34857645747972077,0
1,0,0.3153428213020122,1
0,0,0.2635157239859962,1
1,0,0.4393008508048356,1
1,0,0.3579285593073937,1
0,0,0.196823557097389,1
0,1,0.50975613709623,1
0,0,0.327282192801429,1
1,0,0.45673208889546946,1
1,0,0.3635661418854949,1
0,0,0.37787667413628756,1
1,0,0.3404547577101582,1
0,1,0.7476110700266622,1
0,0,0.4641630948703531,1
0,1,0.5499041841483957,1
0,0,0.46143992190209654,1
0,1,0.6134316431643493,0
0,0,0.31056426283162375,0
0,0,0.40089704671579046,0
0,1,0.7325582592727278,1
0,0,0.4174640360624013,1
0,0,0.42103548111895306,1
0,0,0.2375538555265761,1
1,1,0.6016245449496823,1
1,0,0.34161519909115157,1
0,0,0.45778654657673146,1
0,1,0.5392558128032826,1
0,0,0.38858068236841453,1
0,0,0.2906578970276111,1
1,0,0.44495588707128775,0
1,0,0.39492766500219884,0
0,0,0.4351260195095035,1
0,0,0.3095438142110446,1
0,0,0.47423520774006095,1
1,1,0.8255998660687657,1
1,1,0.5495021872831116,0
1,1,0.7104595326318573,1
0,0,0.4321447832073849,1
1,1,0.8952796284372649,1
1,1,0.5588887680926689,1
0,0,0.39019259568819803,1
1,0,0.3928588047507794,1
1,1,0.7031499032046893,1
1,1,0.5012520060837271,1
0,0,0.4715903224991872,1
1,1,0.793856550468772,1
1,0,0.3800435023784793,1
1,0,0.4648657243164172,1
1,1,0.5256588888505772,1
0,0,0.4135954282064358,1
1,1,0.5392004987412863,1
1,1,0.6455997641238306,1
1,1,0.6582631599693775,1
1,0,0.3650055703271497,0
1,1,0.6338169760724954,1
0,0,0.44732075349968187,1
1,0,0.3826458819411528,1
1,0,0.4796406623542019,1
1,0,0.44530481772096064,1
0,1,0.5067675673880015,0
1,1,0.6947470241349663,1
1,1,0.8152189910855472,1
0,0,0.26363932447467703,1
1,1,0.5613240654977271,1
0,0,0.4915547909448484,1
0,0,0.4949728378480665,1
0,0,0.43385218810746623,1
1,0,0.03456961202760914,1
1,1,0.6738421735016696,1
0,1,0.5169386732517842,1
0,0,0.4199530421030431,1
0,0,0.3624534748575082,1
0,1,0.8006733292740681,1
0,1,0.9146190795887797,1
0,1,0.59785397660341,1
1,1,0.7419266349935069,1
1,0,0.4851628508970169,1
1,0,0.36042175651806946,1
0,0,0.24884692192755975,0
0,1,0.7327738463485148,1
1,1,0.8125139539956411,1
0,1,0.5979973963638326,1
0,0,0.4545457291760865,1
0,0,0.42122805433572763,1
0,0,0.3967881877829699,1
0,1,0.505547898150806,1
0,0,0.45386220023648277,1
1,1,0.5017198351108805,1
0,0,0.4118694124903786,1
0,0,0.3880991388698576,1
1,1,0.7382469961418049,1
0,0,0.3542877727095592,0
1,1,0.6558112963129858,1
1,1,0.6967408945304243,1
0,0,0.3480994238618846,0
0,1,0.541213500455337,1
1,1,0.5471144340185952,1
0,1,0.6963921910149675,1
0,0,0.3354365588897971,1
0,1,0.5069745365716539,1
1,1,0.7365302599486971,1
0,0,0.4644326310276848,1
1,1,0.701360252480441,1
1,0,0.3037509850735415,1
0,0,0.27162968453345565,1
0,1,0.5655295587757109,1
0,0,0.48911894535201117,1
1,1,0.5391555508113128,0
1,0,0.308978005274979,0
1,1,0.6013396780956609,1
1,0,0.32270670683200975,1
0,0,0.33905142109418535,1
0,0,0.38883167966366355,1
0,0,0.31764668479608676,0
0,0,0.44699343546402615,1
1,1,0.6893749130866884,1
1,1,0.5047646899187783,1
0,1,0.6821740306652015,1
0,1,0.6083768222845853,1
1,1,0.5404772736192047,0
1,1,0.5347057488514074,1
0,1,0.5201553780951027,1
0,0,0.4263016467893859,1
0,0,0.42599242059372716,0
1,1,0.7535127219504123,1
1,0,0.37522956086593917,1
0,0,0.435886288434175,1
0,1,0.6130273440874193,1
1,1,0.6100055060001175,1
0,0,0.29061483680810646,1
1,1,0.6534997416541972,1
0,1,0.7107559050092002,1
0,0,0.4976827178818679,1
0,0,0.4613701098640065,1
0,0,0.43035659413857386,0
0,1,0.8380055760376405,1
0,0,0.4777839474592943,0
1,1,0.6552161414473351,1
1,0,0.4457972220061836,0
1,1,0.5325736168573886,1
1,1,0.7169149059803768,1
1,1,0.5954424371933282,1
0,0,0.41744612518063884,1
1,0,0.4590507339808284,1
0,0,0.44265072825328927,1
1,1,0.5480310843523754,1
1,0,0.3486224721392278,0
1,0,0.4705157544937876,1
1,0,0.48578499635416666,1
1,1,0.5611449454793271,1
1,0,0.3878390292797152,0
1,0,0.36774497228329467,1
0,1,0.582863497068565,1
0,1,0.7472320631964767,1
0,0,0.17404838848987209,1
1,0,0.45588780070285534,1
0,0,0.4134438184129854,1
0,1,0.551768728301492,0
1,1,0.6369194914961822,1
1,1,0.5371572297227039,1
1,1,0.6552426579461111,1
0,0,0.189297206680666,1
0,0,0.36251689870475007,1
1,1,0.8355331222257729,0
0,0,0.4707238017205743,1
1,1,0.7670531159977223,1
0,1,0.5815901530884364,1
0,0,0.24449632184771963,0
0,0,0.38097462973569496,1
0,0,0.4750158209692518,1
1,1,0.5543970870625777,1
0,1,0.5359098937675884,0
0,0,0.4003285657716255,0
1,0,0.39293126457555755,1
0,1,0.6265260513159426,1
1,0,0.3820819775881996,0
0,0,0.33198254695267765,1
0,1,0.5429216957912768,1
0,0,0.4503933623132562,1
1,0,0.4070335477221306,0
1,0,0.46181476791592363,1
0,0,0.25287222180500596,1
0,0,0.49613719460132344,1
0,1,0.7724231076680261,1
0,0,0.44292592123254804,1
0,0,0.32141347891437055,1
1,0,0.41268216272469316,1
1,0,0.4062396165347432,1
1,1,0.6385976613758777,1
1,1,0.6773991556187386,1
1,0,0.45376630532898254,1
0,0,0.4836958596142592,1
1,0,0.4925651295103178,1
0,0,0.19958743465190545,1
1,0,0.3564336263318384,0
0,0,0.1593127256159282,1
1,1,0.5090685508145117,1
1,0,0.4977810589118493,0
0,0,0.47522486834158906,1
0,1,0.5083840798381799,0
1,0,0.42352788127699603,1
0,0,0.48599272675344946,0
0,0,0.4434768078071149,1
1,0,0.39398470151951,1
0,0,0.45829092072429894,1
1,1,0.6539385836390772,1
1,0,0.464377843991977,0
1,0,0.40034204690801445,1
1,0,0.49817284694827,1
0,0,0.4825189546904906,0
1,0,0.486430644497011,1
0,0,0.4879373528620689,1
1,1,0.7132836680611128,1
0,0,0.29451204474733833,1
0,1,0.6665159899989263,1
1,1,0.8810039701145979,1
1,1,0.5187848114764827,0
1,1,0.517881354566441,1
1,0,0.38663605210831664,0
0,0,0.26383072100904836,1
1,1,0.5427746300845488,1
1,0,0.4569272766318071,0
0,0,0.48003600784550426,1
0,0,0.14140229554027692,1
1,0,0.4428061325139575,0
1,1,0.6268824093269483,1
0,1,0.5682398029208794,0
0,0,0.4530470346029869,0
1,1,0.7709660304484833,1
1,1,0.5461443166132429,0
0,0,0.2345510882881402,1
1,0,0.4716465433403451,0
1,1,0.555112508102526,1
0,1,0.5162836997201308,0
1,1,0.5767032628929085,1
0,0,0.4710296300932888,1
1,1,0.6411689124131034,1
1,1,0.5508136242070398,0
0,0,0.20153665312623512,1
1,1,0.5991129374037798,1
1,1,0.5012750371453311,1
0,1,0.5522057694206539,1
1,0,0.43433417153544646,0
1,0,0.43673066447869285,1
0,1,0.5056721846927845,1
1,1,0.5036309186851587,1
0,1,0.561634221026272,0
1,0,0.4353817793860484,0
1,0,0.3775159814152629,0
1,1,0.6786717019128885,1
0,0,0.4424891070575559,1
0,0,0.3281570376809685,1
1,0,0.4302707791698134,1
1,0,0.47452645857614895,1
1,1,0.5093820455343824,1
1,1,0.6772001332403164,1
0,0,0.45737364072287134,0
1,1,0.6657931119328421,1
0,0,0.32791848758012554,0
1,0,0.4411190606721214,0
0,0,0.35985659092176675,1
1,1,0.5761155150081635,1
0,0,0.2818273115946226,0
0,0,0.40083556083994587,0
0,1,0.7079589885951375,1
0,0,0.4264336151354181,1
1,0,0.28581309075673894,1
1,1,0.5878918447594835,1
1,0,0.4275468229346698,0
1,1,0.7475607755404172,1
0,0,0.42811290660599566,1
0,0,0.34362419545132106,1
1,1,0.5847475504307525,1
1,1,0.7948898847182527,1
1,1,0.5197129522670274,1
0,1,0.5039912936890667,1
0,1,0.5348075883564768,1
1,0,0.39583072401774155,1
1,0,0.4140111171032454,1
0,0,0.14212461678406968,1
1,0,0.21941529285570724,1
0,1,0.6442851068277614,1
0,1,0.5390175781468219,0
1,0,0.2376797747796772,1
0,1,0.5260568917041383,1
1,1,0.6180082500888489,1
0,0,0.3712173533614827,1
1,1,0.8691466194565466,1
0,0,0.32517515248995155,0
0,0,0.44203622652216995,0
0,0,0.3232198832082323,1
0,0,0.33214639673647683,1
0,1,0.539002608625439,1
0,0,0.48558617801275955,1
0,1,0.5083992648505836,0
0,0,0.4232026455508233,1
1,1,0.557947178803637,0
1,1,0.5371134581639708,1
1,0,0.3635485685505818,1
0,0,0.3752455565001584,1
1,1,0.6328881318733418,1
1,1,0.5463109428499203,0
0,0,0.39115534172075533,0
0,0,0.4057128751232766,1
1,1,0.6572398198399828,1
1,1,0.5147734461539033,1
0,0,0.07952143885463213,1
1,0,0.372557094626505,1
0,0,0.312193065882972,1
1,0,0.4214163040653161,1
0,1,0.5855085686903554,0
0,0,0.403357856239037,0
0,0,0.36673564261348135,1
0,0,0.2646343928841938,1
1,0,0.325126528714028,0
1,1,0.5657150170262571,1
1,0,0.37771643419609147,1
1,1,0.8567201442244667,1
1,1,0.5171538356315205,1
1,1,0.652814245880169,0
0,0,0.48970453508398304,0
0,0,0.24850097462821266,0
0,0,0.4136213105080398,1
0,1,0.5771837554006389,1
0,1,0.5914220788772698,0
1,1,0.5121139420227595,1
0,0,0.4325081385677936,1
0,0,0.28497804534873694,1
0,0,0.4198564866332199,1
1,0,0.4935381782114777,1
1,1,0.6160409418957473,1
0,1,0.6223016446959487,1
1,1,0.5876105850171854,1
1,0,0.4642814729838087,0
1,0,0.3419492952706684,1
1,1,0.8363756945247944,1
0,0,0.36588096194991365,1
0,1,0.5558976109836318,1
0,0,0.48649709921795087,1
1,0,0.36294472702668484,0
0,0,0.37715738446868907,1
0,0,0.47659354001095533,1
0,0,0.39651902516743054,1
0,0,0.4924862181151004,1
0,0,0.3799346258115418,1
0,0,0.4148946367653665,1
1,0,0.3660051011368935,1
1,1,0.5837626246601926,0
1,0,0.4143182006552513,1
0,1,0.5854811850034645,1
1,1,0.6293476246466785,1
0,1,0.6658991620682312,1
0,0,0.3409347668045562,0
1,0,0.4589907503721103,1
1,1,0.7027087896727442,1
1,1,0.6232000257836224,1
1,0,0.28534873915418113,1
0,0,0.22146189700412314,1
0,1,0.506567094151213,1
0,0,0.41571607550505024,1
0,0,0.49995750101547576,1
1,0,0.4815303814793674,1
0,1,0.5285204079506363,1
0,1,0.5654574139113192,1
0,0,0.4508338406167238,1
1,1,0.7050208138299923,1
1,0,0.4824348511232219,1
1,1,0.580566946593118,0
0,0,0.4109512609172058,1
1,0,0.27444869942409084,0
0,1,0.7191833300098169,1
1,1,0.5286053143304269,0
1,1,0.535447271739031,1
0,1,0.6162383884487102,0
0,0,0.283546954122648,1
1,0,0.46743317471869256,1
1,1,0.5317605030518986,1
0,1,0.6287432845353015,1
1,1,0.6279568745815017,1
1,0,0.31030651956186317,1
1,1,0.7113014456559467,1
0,0,0.4934079134480607,0
1,1,0.5733329027331897,1
0,0,0.3699627407136281,1
1,0,0.44921063513729415,1
1,0,0.4088379074431464,1
0,0,0.40755326863773245,0
0,1,0.527403468152226,1
1,1,0.745040249845518,1
0,1,0.52960213779572,1
0,0,0.40939934733088107,1
1,1,0.6898747664767849,1
1,1,0.7340285378394302,1
0,1,0.5262773492879027,1
1,1,0.9075553827860179,1
1,0,0.4707464284190681,0
1,1,0.8729435585632617,1
1,1,0.6570137870948409,1
0,1,0.7560953414007826,1
0,1,0.5965520495479083,1
1,0,0.4803287772217321,1
0,1,0.5063355370069822,1
1,0,0.4772439158411479,0
0,0,0.23065812826087378,1
1,1,0.5492935602571288,0
0,0,0.25557987227222045,1
0,0,0.43043110193805206,0
1,1,0.6834935452282086,1
1,1,0.536780054964197,1
1,1,0.5991373937063983,1
0,0,0.39311668782296083,1
1,1,0.6447427817590006,1
0,0,0.10165361114513653,1
1,1,0.7466530375714162,1
0,0,0.24572335315596497,1
1,0,0.3744144496168892,0
1,1,0.7023874056164529,1
0,0,0.4538658706132269,1
1,1,0.6008971433258539,0
0,0,0.3679935290864169,0
0,1,0.6560738543614698,0
1,1,0.6301885144538837,0
1,0,0.4217238852736605,1
1,1,0.6311808060024129,1
1,0,0.41388102123460485,1
0,0,0.3594944533418468,0
1,0,0.3459412610472656,1
0,1,0.5526998214105867,0
0,0,0.26206744461822207,1
0,0,0.44321849148886067,1
1,1,0.6124376546793857,1
0,1,0.5273140774130525,1
0,1,0.5551631509500483,1
0,0,0.4223824119951956,0
1,0,0.40363603203127135,1
0,0,0.4180997577402351,1
0,0,0.34684844154465705,1
0,0,0.46711178102951717,1
1,0,0.49758887395444745,1
0,0,0.47661973033727456,1
0,0,0.30556530786049924,1
1,0,0.30943272843665837,1
0,1,0.5931939469080547,1
0,1,0.5158385999408011,1
0,0,0.23404904772273827,1
0,0,0.44762542791469406,1
1,0,0.4657150901042787,0
1,1,0.5072446375050391,0
1,0,0.368381398465879,1
1,0,0.24634274166536757,1
1,0,0.4988787118772975,1
0,0,0.4060278564556955,1
1,1,0.7671722237301717,1
0,0,0.4786529403038238,1
0,0,0.4762494939306325,0
1,0,0.40016932431945273,0
1,0,0.4354792483409788,1
0,1,0.7119612591270374,1
1,1,0.5114783576670154,1
1,0,0.3425855970470959,1
1,1,0.5607579777987284,1
0,1,0.6389013363833874,1
1,0,0.4548274988413806,1
1,0,0.3883962088746906,1
0,0,0.4526058505675552,1
1,0,0.4690450311877774,1
0,0,0.49482019718505027,1
0,1,0.6479463127559126,1
0,0,0.4185899560206681,1
0,0,0.30597871188549036,1
0,1,0.697457666057442,1
0,0,0.3429565852831099,1
0,0,0.49429897438932424,1
0,0,0.3007614535011412,0
0,0,0.44637228500813864,0
0,0,0.49904767596976574,1
0,0,0.39844826203791905,1
1,0,0.3890237625367351,1
1,0,0.4253621117596935,1
1,1,0.6043820028668314,1
0,0,0.456206299890731,1
0,0,0.44108525906880686,1
0,0,0.279246124938418,1
0,0,0.4129388227073546,1
0,0,0.3959522167270173,0
0,0,0.39762189285362537,1
1,0,0.4153462184373129,0
0,0,0.46885917217219886,1
0,0,0.3654321433200502,1
0,0,0.23242531170668387,1
1,0,0.4982122501712415,1
1,1,0.7027602913216643,1
0,1,0.5064818155109391,1
1,0,0.40178683593725195,1
0,0,0.3316433133223781,1
0,0,0.459537566003206,1
1,0,0.31669526119561126,1
1,0,0.48884713596395457,1
0,0,0.1998244674821614,1
1,1,0.610677382013986,1
1,0,0.46971015882451084,1
0,1,0.5520328567392647,1
1,1,0.6395159433226192,1
1,0,0.2736208278150665,1
0,0,0.46392816339721965,1
0,0,0.41836309530194277,1
0,0,0.15943177688501542,1
1,0,0.3523370060679274,1
0,0,0.3732437627746885,0
0,0,0.30981335106214786,1
1,0,0.4296919216796642,1
1,1,0.7033984487641262,1
0,1,0.6036040425397321,1
0,1,0.6907630160675678,1
0,1,0.5214589263853037,1
1,1,0.5686421984086949,1
0,0,0.4847405106717467,0
1,1,0.5035128018414061,1
1,1,0.5525440309167706,1
0,0,0.450424777280276,0
0,0,0.3873918724995381,1
1,0,0.42196954138445064,0
0,0,0.4953432721673743,0
0,0,0.39736473099026653,1
0,0,0.34397398038972826,1
0,0,0.06705674815553687,1
1,1,0.5236096182198289,0
0,0,0.4358304892373674,0
1,1,0.6831067174370388,1
0,0,0.34324165005824037,1
0,0,0.4373275404861785,1
0,1,0.5612717534824808,1
1,1,0.5329583063352787,1
0,0,0.371066434593387,1
0,0,0.46889591918589396,1
0,0,0.4965040782435245,1
0,0,0.42753061716060675,0
1,0,0.4490932108100791,1
1,1,0.7633871084588979,1
0,0,0.33646056585748796,1
1,1,0.9530165379964589,1
0,1,0.52969650674791,1
1,1,0.6537057841992111,1
1,1,0.715352113335422,1
1,1,0.5731269281231497,1
1,1,0.5260230892847569,1
1,0,0.25732938710188596,0
0,0,0.36087913907049507,1
0,0,0.44077966344874286,1
1,1,0.7563578768827258,1
0,1,0.5138577633783503,1
0,0,0.3014186422619764,1
1,0,0.37098452033588153,1
1,0,0.3963948537488737,1
1,0,0.48876430915909674,1
0,1,0.6955541824383299,1
0,0,0.40893386699172984,1
1,0,0.46674776482390484,0
0,0,0.35848156786216756,1
0,1,0.5005841316624723,1
0,0,0.13207987360942072,1
0,0,0.45811934518394526,1
0,0,0.42480509514475173,1
0,0,0.21168060902669855,1
1,0,0.37645903762351735,1
1,0,0.2714281821822357,1
0,0,0.19014402953752418,0
1,1,0.53733472030116,1
1,0,0.49447790025039445,1
1,0,0.29002238936908287,1
0,0,0.3122900542835795,0
0,0,0.22726190066647622,1
0,0,0.3654325234858694,1
0,0,0.37534717986150484,1
0,1,0.6184050314704526,1
0,1,0.5092125916986114,1
1,1,0.5860371630906688,1
0,0,0.3997030333817958,1
0,1,0.5890215822923253,1
0,0,0.4871154728611891,1
0,0,0.30930423706420823,1
0,0,0.3925598905077256,1
1,0,0.41174672094599996,0
0,0,0.4640318020353633,1
0,0,0.4759813706457372,1
1,1,0.5050396308886468,0
1,0,0.4251576103442999,1
1,0,0.43849870920000633,1
0,0,0.3484693775152333,1
0,0,0.490797504821115,1
1,1,0.5877442167865453,1
1,1,0.5232712369537005,1
0,0,0.25704575736921587,1
0,0,0.4440059781199354,1
1,0,0.24893110938781204,0
1,1,0.7427757531948904,0
0,0,0.3760929522945782,0
0,0,0.378189787363652,0
0,0,0.25227391167270885,1
0,0,0.29527618414393386,1
1,0,0.41906200906166813,1
0,0,0.36107633054037325,1
0,0,0.34380131295861627,1
0,1,0.6991477131779668,1
0,0,0.2542674955430439,0
1,1,0.5450758420060932,1
1,1,0.5818983697988104,1
0,0,0.36423569023252406,1
1,1,0.5798741174651814,1
1,0,0.3915666020680629,0
0,0,0.28255727486632926,0
0,0,0.4681141034140382,1
1,0,0.4465901988299737,0
0,1,0.6551706449793833,1
1,0,0.4480262115780817,0
0,1,0.6046954832695878,1
0,0,0.23493435938926574,1
1,1,0.5141366869224548,1
1,1,0.6296535875903917,1
1,0,0.4317470954670325,1
0,0,0.4492263294384579,1
0,0,0.4291214692923547,1
1,0,0.4025636495869876,0
0,0,0.10715159135413778,0
0,1,0.5795143304654374,1
1,1,0.760465381587807,1
1,1,0.5404129766510036,0
1,1,0.8734500692403732,1
0,0,0.48038876465854263,1
0,0,0.3257566358514916,1
0,0,0.45829843183967306,1
1,0,0.3957950663144785,1
1,1,0.5134559318489045,0
1,1,0.9194021238471581,1
1,1,0.5807953029763954,1
0,0,0.42169692110901663,0
0,0,0.3417221873580298,0
1,0,0.3553797850885424,1
0,0,0.2823409337724552,1
1,0,0.2940347498274618,1
1,1,0.5019193884303338,0
0,0,0.4319908052582445,1
1,0,0.2985655236196279,0
1,1,0.5532988747511006,1
0,1,0.5423240926880956,1
1,1,0.5352755738069732,1
0,1,0.5192569937072895,1
0,1,0.7167898925591178,1
0,1,0.6169687336826583,1
0,1,0.5163340440510883,1
0,0,0.36344286628419376,1
0,1,0.6730204644116481,1
1,1,0.5124743586440031,1
0,0,0.2431693630337014,1
0,0,0.38208534810061034,0
0,1,0.5010585725994824,1
0,1,0.6313537502639966,1
1,0,0.422820164923137,0
0,0,0.38525545500145814,1
1,0,0.40855053855670004,0
0,0,0.33577735221493527,1
0,0,0.3640863705161224,1
0,0,0.03239160722316812,1
0,0,0.3983376280306851,1
0,0,0.34686271854272965,1
1,1,0.6749249464583373,1
0,0,0.3231148693376638,0
1,0,0.43161351847659196,1
1,0,0.4779910029728163,1
0,0,0.4535633219795057,1
0,0,0.3145057313057024,0
0,0,0.3126805273866503,1
0,1,0.5563661887744887,1
0,0,0.3087103353360582,0
0,1,0.5196275895747418,1
1,1,0.7289198803006129,1
0,0,0.3372351500209495,1
0,1,0.6045025363747765,0
0,1,0.5953964967265132,1
1,1,0.6805888621536885,1
0,0,0.3749958619569272,1
0,0,0.4414751084778268,1
1,1,0.6018815965282512,1
0,1,0.5366745550426741,1
1,0,0.3770138875033898,1
0,0,0.0871475815829829,1
0,0,0.33380753305038363,1
0,0,0.3524944055488341,1
1,1,0.52712495810162,1
1,1,0.61095600533442,1
0,0,0.4250601882191705,1
1,0,0.46976701806192533,0
0,0,0.47374016762066995,1
1,1,0.8432839648197054,1
1,1,0.7350320488513052,1
0,0,0.44642771457635755,1
0,1,0.5600133770028133,1
1,0,0.4788416417581682,1
1,0,0.4927702377779632,0
0,0,0.337077602507419,1
1,1,0.6130405074344185,1
0,0,0.44907265799151624,1
0,0,0.46235918136990656,0
0,0,0.4028900063420676,0
1,1,0.7083980184270796,1
0,1,0.7227329079137971,1
0,1,0.6535406121596754,1
0,0,0.279033990563834,1
0,0,0.4448695133065387,1
0,0,0.27391949702512053,0
1,1,0.5238972756078847,0
1,1,0.7494639499295399,1
0,0,0.3786026284619324,1
0,0,0.14763242122698103,1
0,1,0.6438723073992653,1
1,0,0.45470669307192146,1
1,0,0.4717819996491882,1
1,1,0.585448971042515,0
0,1,0.5473280095133869,1
0,1,0.5372759241737768,1
0,0,0.14563685064007828,1
0,0,0.4115406404977352,0
0,1,0.768563688723911,0
1,1,0.7464301692082078,1
1,1,0.558879000834544,1
0,0,0.37772068221044186,1
0,0,0.2599418559889431,0
0,0,0.4725283270232728,0
1,1,0.6569017062423823,1
1,1,0.7513455069316068,1
1,1,0.5885083891040629,0
1,1,0.7612277722532875,1
1,1,0.762795562068649,1
0,0,0.48052348707261877,1
1,1,0.7920085064982996,1
0,1,0.6640457508732378,1
1,0,0.4132643704461938,0
0,1,0.635350590665659,1
0,0,0.49692608459831444,1
0,1,0.6868375157854041,1
1,1,0.9113530370969318,1
0,0,0.279196629710907,1
0,0,0.3989052510957744,1
0,0,0.44930277918317263,0
0,0,0.3285182137536252,0
0,0,0.3835668732753034,1
1,0,0.48722027616544067,0
1,1,0.5178251658231602,1
1,1,0.68311274509131,1
1,0,0.3833112575952894,1
1,0,0.40508613508395136,1
1,0,0.386168830021546,1
1,0,0.4929523645936438,1
0,0,0.24847421948018508,1
1,0,0.3198507297853016,1
0,1,0.6068360306548574,1
0,0,0.3572435924522568,1
1,0,0.44596201689492104,1
0,0,0.3700019090867825,1
1,0,0.3943057608572725,1
1,1,0.6019644430132796,1
1,1,0.875483023416906,1
0,1,0.5896656723992718,1
0,0,0.44211560484977636,0
0,0,0.2768565149262915,1
0,0,0.4499018622526878,0
1,0,0.49558620597021064,1
0,0,0.15861705714556498,0
0,0,0.32356504133991393,1
1,1,0.5488554399719978,1
0,1,0.5089351692371269,1
0,1,0.8347715586532065,1
0,0,0.37234828746997295,1
0,0,0.38573001083582553,1
0,0,0.3519850555764622,1
1,0,0.36476511362998454,1
0,1,0.5250872738682003,0
1,1,0.545887759406747,1
1,0,0.218186470236201,1
1,0,0.3163611235607755,1
1,1,0.5391204166287399,0
0,0,0.3037674955147528,1
0,0,0.18215093259566464,1
0,0,0.45946580341905524,1
0,1,0.6621597622894864,1
1,1,0.5937246202470606,1
0,0,0.42318596111160334,1
1,1,0.5106099449539978,1
1,0,0.3890533713417351,0
0,0,0.1342794476778067,1
1,0,0.32782122570223726,1
0,1,0.6444141791301241,1
0,0,0.40155325104621525,1
1,1,0.5545822767421422,1
0,1,0.7335714802840665,1
1,1,0.5125509118991236,1
0,0,0.3480032220955377,1
0,1,0.6108869947185187,1
0,0,0.0841774435809973,0
1,1,0.5772638573384985,0
1,1,0.7293471327923712,1
1,1,0.5033805747056114,0
0,0,0.3527428940511031,1
0,1,0.6885312486284322,1
1,1,0.5878637562013345,0
1,1,0.5277081446902605,1
0,0,0.3765163629976958,1
1,1,0.6018485106855378,1
0,0,0.37704351950248144,0
0,0,0.3122511189078168,1
1,1,0.5926405075427751,1
0,0,0.34866963193771167,1
0,1,0.5531831806603699,0
0,0,0.43156013782269925,1
0,0,0.4892555078265348,1
1,0,0.3144764825269782,1
0,0,0.4371549151000924,1
1,0,0.48242461412943405,1
0,0,0.33261504930161456,1
0,0,0.4834114982563724,1
0,0,0.35459600578311806,1
0,0,0.36509799997665787,0
1,1,0.5229854637058072,0
0,0,0.4583542299463199,1
1,1,0.6664126783705991,1
1,0,0.45339649750750316,1
1,0,0.37988026926313406,0
0,0,0.054639999292255687,1
0,0,0.4047539279830879,1
1,1,0.717100294284679,1
0,0,0.41301821164703345,1
0,0,0.38253418439952946,0
0,0,0.17356522766580265,1
0,0,0.4258476125543078,0
0,0,0.47012621888173356,0
1,1,0.7195358018221941,1
1,1,0.628131219228198,1
0,1,0.5805049812902277,1
1,1,0.6771150848870002,1
0,0,0.27353340399742915,0
0,0,0.35626483801520825,1
0,1,0.5008022558406681,1
0,0,0.4548263302663395,0
1,0,0.4892943157794234,1
0,0,0.2077568890472729,1
0,0,0.4862757953139225,1
1,1,0.5921194371064451,1
1,0,0.4970692842278592,1
1,0,0.4466414642438982,1
0,1,0.5856524783372723,1
0,0,0.3989737345363209,1
1,0,0.3348980000247255,1
0,0,0.25214480742777556,1
0,0,0.08448999167391053,1
0,0,0.4990269730194954,1
0,0,0.29443637280035345,0
1,1,0.813878544150638,1
1,0,0.41810582197037227,1
0,1,0.5693964969720366,1
0,0,0.4943554697475762,1
1,1,0.7176487066983149,1
0,0,0.29282075188278645,1
0,0,0.4376561165670503,1
0,1,0.5151145861857925,1
1,0,0.3157568411502301,1
0,0,0.317739918635251,1
1,1,0.514162891077334,1
0,0,0.26826487251923137,1
0,0,0.42308116484663083,1
1,1,0.6438358382899604,1
1,1,0.6489401649547221,1
0,0,0.4288410500123956,1
1,1,0.6533861446662519,1
1,1,0.6519326576544825,1
0,1,0.6656515550410753,1
0,0,0.44992272730135985,1
1,0,0.4690288240715154,1
0,0,0.34910283039367007,1
1,1,0.7434324927574227,1
0,1,0.585109471688367,0
1,1,0.517182521139517,0
1,1,0.6135288469860444,1
0,0,0.360171200903594,1
0,0,0.4672582442978182,1
0,0,0.2637682748504472,1
0,0,0.4065973791768173,1
1,0,0.3822513561335839,0
1,1,0.5010118930563607,1
1,0,0.38233075565874736,1
1,1,0.5032435869968432,1
0,1,0.6931190824795436,1
1,0,0.4687127802081847,0
1,1,0.7129629451078919,1
1,1,0.5529923561215329,1
1,0,0.4625976362459757,1
0,0,0.4120194317495287,1
0,0,0.38566090167050704,0
0,0,0.34187569272839263,0
1,1,0.6965010635584123,1
0,1,0.5838689312791788,1
1,1,0.8097911126021016,1
1,1,0.5307751575796563,1
0,1,0.5302182977983384,1
1,1,0.71186182083357,1
0,0,0.36665066333549234,1
0,0,0.3924172762978529,1
1,1,0.5099758878714841,1
0,1,0.5986889186825097,1
1,0,0.4794222867124655,1
1,1,0.5291867484448151,1
1,1,0.7179554348709903,1
1,0,0.3127834505393182,1
0,0,0.4148319960711081,1
0,0,0.4941345226937218,1
1,1,0.5006473479507234,0
1,0,0.47406325476396555,1
1,1,0.5279195346774521,1
0,0,0.41780073690277725,1
1,1,0.7753801838630315,1
1,0,0.37403502662267457,1
1,0,0.39699927749934655,1
0,0,0.3824717856055009,1
1,0,0.3681122887914255,0
0,1,0.5208786643006811,1
0,0,0.4656507739057418,1
0,0,0.4634498920160046,0
1,0,0.29478647159373217,1
0,0,0.31584469342452115,1
1,1,0.5249423200808822,1
1,1,0.6368287044120113,1
1,1,0.6794968522749543,1
1,0,0.43531853169251566,1
1,0,0.496453800309489,1
1,0,0.19480317228117364,1
1,1,0.7254305229638341,1
1,0,0.482710857518946,0
1,1,0.5369587809202646,1
1,1,0.5302779202280803,1
0,1,0.6432028372927064,1
1,1,0.5123159295017462,1
1,0,0.3935941941742653,1
0,0,0.4234001450969005,0
0,0,0.2234122203831247,1
0,0,0.28728832463921405,1
0,0,0.10515256400425917,0
0,0,0.40186853794323346,0
0,1,0.5817017877548156,1
0,1,0.5268311879096353,1
0,0,0.39193386512846856,1
0,0,0.4917511028701568,1
1,0,0.3384634113194943,0
1,1,0.6824144500262124,0
0,0,0.48494707739810455,1
0,0,0.33292023621836697,0
0,0,0.4128492376022704,1
1,1,0.524329239420638,0
0,0,0.3986836226995524,1
0,1,0.8071255838060047,1
0,1,0.5916504306935899,1
1,0,0.29793184544520074,0
1,1,0.8198991133368712,1
1,1,0.5675969805822423,1
0,0,0.42676863264187465,1
0,0,0.45192742843954625,1
0,0,0.22370911373336871,1
1,1,0.7150372225765056,1
1,0,0.34521983680974516,1
1,1,0.616887624397431,1
0,0,0.2769361585813936,1
0,1,0.5179137164606179,0
0,0,0.43906598148575327,0
0,0,0.41250462068974725,1
1,0,0.4481200104962104,1
1,1,0.6158799833457534,1
1,0,0.430267465077104,1
0,0,0.33953163773797723,1
0,1,0.5318108326520128,1
0,1,0.5102146818651005,1
0,0,0.40917163124771166,1
0,1,0.5254499292519937,1
1,1,0.7828695149643273,1
1,0,0.41501199332874134,1
1,1,0.6310792679754975,1
0,0,0.342381914461142,1
0,0,0.39238435995548776,1
1,1,0.5773374108458114,1
0,0,0.32496829102901825,1
0,0,0.2456282926587785,0
0,1,0.5644337215538998,1
0,0,0.44900290706525386,0
0,0,0.3154350025469008,1
0,0,0.21548520036998037,1
0,1,0.5501173004657829,1
0,0,0.40876709344349804,0
0,1,0.6786570700128787,1
1,0,0.4710929023965108,0
1,1,0.7461366571750495,1
1,1,0.5120613156906009,1
0,0,0.47184254211256393,1
0,0,0.390650022918934,1
1,1,0.5164947850771752,0
0,0,0.45488352300075807,1
1,1,0.541945904547471,1
0,0,0.49171247790539335,1
0,0,0.4815235377313363,1
1,0,0.36660428881932766,1
0,0,0.2353252504882594,1
1,0,0.3949888794318273,1
1,1,0.9335584806946486,1
0,0,0.07807006785279026,1
1,0,0.42318436827154876,0
1,0,0.3213830494760922,1
0,0,0.4383705747704714,1
1,1,0.5041753945555494,1
1,0,0.4527830346969912,1
1,0,0.4662435914188832,1
0,0,0.3417428356505852,1
1,1,0.5184582983863616,1
0,0,0.4808254668040535,1
1,0,0.43778850444802064,1
1,1,0.5199563469416184,1
0,1,0.685289362246165,1
0,0,0.45441828824871316,1
1,1,0.5364208659531936,1
1,0,0.3739920501931707,1
0,1,0.7029326434494337,1
0,0,0.2966361784109418,1
1,0,0.36409554831552277,1
1,0,0.4800400241044129,1
0,0,0.4633373773449089,1
0,1,0.5363010383389081,1
0,0,0.3914599925059524,1
1,0,0.3510676501426041,1
0,0,0.4004782450383135,1
0,0,0.4796782363261678,0
0,0,0.10098715630709822,1
0,1,0.7565405013583654,1
0,1,0.5375721850693579,1
1,0,0.480924625600009,1
1,0,0.2969861715047094,1
1,0,0.4240305644948416,1
0,0,0.2905375700136679,0
1,1,0.5222205670762021,1
1,0,0.3856839515365798,1
0,0,0.24255714619891502,1
1,1,0.7094490124102957,1
1,1,0.9271411950577498,1
1,1,0.5910241322891656,0
1,1,0.5275466408157209,1
0,0,0.2332028382353409,1
1,1,0.568027965037891,0
1,0,0.47515644162006393,1
0,1,0.7121021746564802,1
0,1,0.6496031988584714,1
1,0,0.39899516232208426,1
1,1,0.6239441299957638,1
0,1,0.6029078877067869,1
1,1,0.6299821767911913,1
0,0,0.1897872917839316,1
0,0,0.4635838841193696,1
0,1,0.500046642058656,0
1,1,0.5920906164392016,1
1,0,0.43758869351081764,1
0,1,0.5126817994399625,1
0,0,0.2945964783228836,1
0,0,0.30565953936098333,1
0,1,0.5030169781121832,1
1,0,0.4273211008566679,0
0,0,0.4018930497691336,0
0,1,0.5599955422708522,1
0,0,0.3535974219442336,1
1,1,0.7299483847279089,1
0,0,0.31469839967547325,1
0,0,0.33830437807953034,1
0,0,0.4454367400387364,1
1,1,0.7601964685748273,1
0,0,0.48019122953796567,0
1,1,0.6776980522204928,1
0,0,0.4482194379378573,0
1,0,0.28971709872921797,1
0,1,0.5653770433535408,1
0,1,0.5676223046431182,1
0,0,0.18637584164387674,1
0,1,0.5168891147893566,1
1,0,0.40656542346327473,1
0,0,0.3797551518255058,1
0,0,0.18598589831765872,0
0,0,0.3889902371890219,0
0,0,0.4432549148231011,1
1,0,0.373764895228173,1
1,0,0.4534676399675377,1
1,1,0.6585145913402736,1
1,0,0.46686535676962426,1
1,0,0.42291940470166633,1
0,0,0.3585692944935837,0
0,0,0.37451593656147847,0
0,0,0.2995434786858464,1
0,0,0.4824299397770709,1
0,0,0.43007912714913327,1
0,0,0.39287144510940913,0
0,1,0.7572031724127262,1
1,1,0.7490038597888384,0
1,0,0.36745717123169785,1
1,0,0.43234322394324387,0
0,1,0.561824214634899,1
0,1,0.5740036117513917,0
0,1,0.5305783587161164,1
1,0,0.46604491455892627,1
1,1,0.5037687235334054,1
1,0,0.19591699949744965,1
1,0,0.49971118914571755,1
0,0,0.36666258546598723,0
1,1,0.7215353629855363,1
0,0,0.4115928381307707,1
0,0,0.06532434569248864,1
1,1,0.6616457574419814,1
1,1,0.6047052602763284,1
1,1,0.5091150267209114,0
0,0,0.4378466533695644,1
1,1,0.7383250508629811,1
0,0,0.35231445665837907,1
1,1,0.902972951226972,1
1,0,0.3864390327267855,1
0,0,0.3894462689811689,1
1,1,0.626900975916437,1
1,1,0.7307927226921866,1
0,0,0.40292626364210465,1
1,1,0.5057094661544272,1
0,0,0.41699912322970767,1
0,0,0.4301447497034356,0
1,1,0.5400879931682768,0
1,0,0.39530490687252345,0
1,1,0.7064837447323085,1
1,0,0.23568636749702873,1
0,0,0.3496578823186138,1
1,1,0.5352179164957356,0
0,0,0.38580882562591434,0
1,0,0.36606778369134285,0
1,1,0.5716862186585822,1
0,0,0.45320265114795133,1
0,0,0.459664325804037,1
0,1,0.694705772583877,1
0,1,0.5237028728966003,1
0,0,0.442255671045619,1
0,1,0.5108868367544495,1
0,0,0.2868195722062623,0
0,0,0.4252172488834485,0
0,0,0.2750259976552881,0
1,1,0.6583644878270234,1
1,0,0.41980644658211314,0
1,1,0.5929940624333345,0
1,0,0.28593885894385956,0
1,0,0.47275441891491915,1
0,0,0.32476310297617955,1
0,0,0.23407494808710397,1
1,0,0.48981551803936996,1
1,1,0.5282528415517613,1
0,0,0.4673737609220006,1
1,0,0.4308337530405439,1
1,0,0.3545940226186909,1
0,0,0.38737144832985154,1
0,0,0.14981578132209658,1
0,1,0.5909453474068432,1
0,0,0.4835379676859323,1
0,0,0.04185287893645521,1
0,1,0.5728827020600159,1
0,0,0.2894114387147901,1
1,0,0.4666573147051227,1
1,1,0.5787650262144078,0
0,0,0.49659652207457683,1
0,0,0.4763040193815282,1
1,1,0.6844999137596903,1
0,1,0.6513548216851296,1
1,1,0.5848026745226796,1
0,0,0.437441749645941,0
0,0,0.3301553356685541,1
1,0,0.456014583484527,0
1,1,0.5789780228788505,1
0,0,0.47544246540245494,1
0,1,0.6897854667338841,1
1,1,0.5321968621704058,1
0,0,0.4389570801440667,1
1,1,0.6191982469435962,1
0,0,0.18060686050006225,1
0,1,0.6185039218939162,1
0,0,0.48782586298845176,1
1,0,0.44826550810038424,1
1,0,0.46317122531502086,1
0,0,0.3528704356636252,1
0,1,0.5117677903003279,0
1,0,0.3294485455095631,1
0,0,0.3952349441534351,1
0,0,0.47680631829817444,1
0,0,0.21892593944734098,1
1,1,0.6957402075922078,1
1,0,0.2710897046286405,1
1,0,0.4964429256010705,1
0,0,0.35170260205902754,1
1,1,0.6986800226658256,1
0,1,0.5112367504059434,1
0,0,0.42495345613373037,0
1,1,0.720738557765134,1
1,0,0.4705535730055625,1
0,1,0.6494487923695238,1
0,0,0.4037851788083828,1
0,0,0.3637261912601466,0
0,0,0.27466188537640146,1
0,0,0.27665726083046077,1
0,0,0.32127926510891036,1
0,1,0.6078114888535083,0
0,0,0.49594601592536514,1
0,0,0.4927226593006501,1
0,0,0.4150454272709539,1
0,0,0.3719471734391267,1
0,0,0.37842131008113017,1
